# Bin Radiances of Band b1: 3.3 - 3e+03
# Ray output size: 1
# Polar angles: 48.200
# Azimuthal angles: 0.000
#       wave1       wave2    Radiance1      weight
          3.3         3.3     196.093    0.000501
          6.3         6.3     168.402       0.001
         9.31        9.31     158.460       0.001
         12.3        12.3     153.023       0.001
         15.3        15.3     148.652       0.001
         18.3        18.3     144.019       0.001
         21.3        21.3     139.098       0.001
         24.3        24.3     137.015       0.001
         27.3        27.3     140.269       0.001
         30.3        30.3     143.545       0.001
         33.3        33.3     145.944       0.001
         36.3        36.3     147.734       0.001
         39.3        39.3     149.125       0.001
         42.3        42.3     150.249       0.001
         45.3        45.3     151.186       0.001
         48.3        48.3     151.987       0.001
         51.3        51.3     152.682       0.001
         54.3        54.3     153.295       0.001
         57.3        57.3     153.838       0.001
         60.4        60.4     154.324       0.001
         63.4        63.4     154.758       0.001
         66.4        66.4     155.149       0.001
         69.4        69.4     155.500       0.001
         72.4        72.4     155.815       0.001
         75.4        75.4     156.097       0.001
         78.4        78.4     156.351       0.001
         81.4        81.4     156.577       0.001
         84.4        84.4     156.778       0.001
         87.4        87.4     156.956       0.001
         90.4        90.4     157.113       0.001
         93.4        93.4     157.251       0.001
         96.4        96.4     157.370       0.001
         99.4        99.4     157.472       0.001
          102         102     157.558       0.001
          105         105     157.629       0.001
          108         108     157.687       0.001
          111         111     157.731       0.001
          114         114     157.763       0.001
          117         117     157.784       0.001
          120         120     157.794       0.001
          123         123     157.794       0.001
          126         126     157.785       0.001
          129         129     157.766       0.001
          132         132     157.739       0.001
          135         135     157.704       0.001
          138         138     157.662       0.001
          141         141     157.612       0.001
          144         144     157.556       0.001
          147         147     157.493       0.001
          150         150     157.424       0.001
          153         153     157.349       0.001
          156         156     157.269       0.001
          159         159     157.183       0.001
          162         162     157.092       0.001
          165         165     156.997       0.001
          168         168     156.897       0.001
          171         171     156.793       0.001
          174         174     156.685       0.001
          177         177     156.572       0.001
          180         180     156.456       0.001
          183         183     156.337       0.001
          186         186     156.214       0.001
          189         189     156.088       0.001
          192         192     155.958       0.001
          195         195     155.826       0.001
          198         198     155.691       0.001
          201         201     155.553       0.001
          204         204     155.413       0.001
          207         207     155.270       0.001
          210         210     155.125       0.001
          213         213     154.978       0.001
          216         216     154.828       0.001
          219         219     154.677       0.001
          222         222     154.524       0.001
          226         226     154.368       0.001
          229         229     154.211       0.001
          232         232     154.052       0.001
          235         235     153.892       0.001
          238         238     153.729       0.001
          241         241     153.565       0.001
          244         244     153.400       0.001
          247         247     153.234       0.001
          250         250     153.066       0.001
          253         253     152.897       0.001
          256         256     152.726       0.001
          259         259     152.554       0.001
          262         262     152.381       0.001
          265         265     152.207       0.001
          268         268     152.032       0.001
          271         271     151.855       0.001
          274         274     151.678       0.001
          277         277     151.499       0.001
          280         280     151.320       0.001
          283         283     151.139       0.001
          286         286     150.958       0.001
          289         289     150.775       0.001
          292         292     150.591       0.001
          295         295     150.406       0.001
          298         298     150.221       0.001
          301         301     150.035       0.001
          304         304     149.849       0.001
          307         307     149.662       0.001
          310         310     149.475       0.001
          313         313     149.287       0.001
          316         316     149.098       0.001
          319         319     148.908       0.001
          322         322     148.718       0.001
          325         325     148.527       0.001
          328         328     148.335       0.001
          331         331     148.142       0.001
          334         334     147.949       0.001
          337         337     147.754       0.001
          340         340     147.559       0.001
          343         343     147.363       0.001
          346         346     147.166       0.001
          349         349     146.969       0.001
          352         352     146.771       0.001
          355         355     146.572       0.001
          358         358     146.373       0.001
          361         361     146.172       0.001
          364         364     145.970       0.001
          367         367     145.768       0.001
          370         370     145.564       0.001
          373         373     145.360       0.001
          376         376     145.154       0.001
          379         379     144.948       0.001
          382         382     144.741       0.001
          385         385     144.534       0.001
          388         388     144.325       0.001
          391         391     144.115       0.001
          394         394     143.906       0.001
          397         397     143.695       0.001
          400         400     143.483       0.001
          403         403     143.270       0.001
          406         406     143.056       0.001
          409         409     142.840       0.001
          412         412     142.623       0.001
          415         415     142.405       0.001
          418         418     142.185       0.001
          421         421     141.964       0.001
          424         424     141.741       0.001
          427         427     141.517       0.001
          430         430     141.290       0.001
          433         433     141.062       0.001
          436         436     140.832       0.001
          439         439     140.599       0.001
          442         442     140.365       0.001
          445         445     140.127       0.001
          448         448     139.888       0.001
          451         451     139.645       0.001
          454         454     139.400       0.001
          457         457     139.151       0.001
          460         460     138.899       0.001
          463         463     138.644       0.001
          466         466     138.385       0.001
          469         469     138.122       0.001
          472         472     137.855       0.001
          475         475     137.583       0.001
          478         478     137.307       0.001
          481         481     137.025       0.001
          484         484     136.739       0.001
          487         487     136.447       0.001
          490         490     136.149       0.001
          493         493     135.844       0.001
          496         496     135.532       0.001
          499         499     135.212       0.001
          502         502     134.884       0.001
          505         505     134.548       0.001
          508         508     134.201       0.001
          511         511     133.845       0.001
          514         514     133.478       0.001
          517         517     133.098       0.001
          520         520     132.704       0.001
          523         523     132.294       0.001
          526         526     131.866       0.001
          529         529     131.418       0.001
          532         532     130.948       0.001
          535         535     130.451       0.001
          538         538     129.925       0.001
          541         541     129.364       0.001
          544         544     128.761       0.001
          547         547     128.108       0.001
          550         550     127.396       0.001
          553         553     126.608       0.001
          556         556     125.724       0.001
          559         559     124.714       0.001
          562         562     123.528       0.001
          565         565     122.086       0.001
          568         568     120.285       0.001
          571         571     118.289       0.001
          574         574     118.063       0.001
          577         577     119.894       0.001
          580         580     121.604       0.001
          583         583     122.928       0.001
          586         586     123.972       0.001
          589         589     124.820       0.001
          592         592     125.528       0.001
          595         595     126.128       0.001
          598         598     126.643       0.001
          601         601     127.090       0.001
          604         604     127.480       0.001
          607         607     127.823       0.001
          610         610     128.125       0.001
          613         613     128.392       0.001
          616         616     128.627       0.001
          619         619     128.835       0.001
          622         622     129.019       0.001
          625         625     129.181       0.001
          628         628     129.324       0.001
          631         631     129.449       0.001
          634         634     129.559       0.001
          637         637     129.654       0.001
          640         640     129.736       0.001
          643         643     129.805       0.001
          646         646     129.863       0.001
          649         649     129.909       0.001
          652         652     129.946       0.001
          655         655     129.974       0.001
          658         658     129.993       0.001
          661         661     130.006       0.001
          664         664     130.012       0.001
          667         667     130.011       0.001
          670         670     130.004       0.001
          673         673     129.990       0.001
          676         676     129.971       0.001
          679         679     129.946       0.001
          682         682     129.916       0.001
          685         685     129.881       0.001
          688         688     129.842       0.001
          691         691     129.800       0.001
          694         694     129.754       0.001
          697         697     129.704       0.001
          700         700     129.651       0.001
          703         703     129.595       0.001
          706         706     129.535       0.001
          709         709     129.473       0.001
          712         712     129.407       0.001
          715         715     129.339       0.001
          718         718     129.269       0.001
          721         721     129.197       0.001
          724         724     129.123       0.001
          727         727     129.047       0.001
          730         730     128.969       0.001
          733         733     128.890       0.001
          736         736     128.808       0.001
          739         739     128.725       0.001
          742         742     128.641       0.001
          745         745     128.554       0.001
          748         748     128.466       0.001
          751         751     128.376       0.001
          754         754     128.284       0.001
          757         757     128.191       0.001
          760         760     128.097       0.001
          763         763     128.002       0.001
          766         766     127.906       0.001
          769         769     127.809       0.001
          772         772     127.711       0.001
          775         775     127.612       0.001
          778         778     127.512       0.001
          781         781     127.412       0.001
          784         784     127.311       0.001
          787         787     127.210       0.001
          790         790     127.108       0.001
          793         793     127.005       0.001
          796         796     126.902       0.001
          799         799     126.799       0.001
          802         802     126.695       0.001
          805         805     126.591       0.001
          808         808     126.486       0.001
          811         811     126.382       0.001
          814         814     126.279       0.001
          817         817     126.176       0.001
          820         820     126.072       0.001
          823         823     125.968       0.001
          826         826     125.864       0.001
          829         829     125.760       0.001
          832         832     125.655       0.001
          835         835     125.550       0.001
          838         838     125.446       0.001
          841         841     125.342       0.001
          844         844     125.239       0.001
          847         847     125.137       0.001
          850         850     125.034       0.001
          853         853     124.931       0.001
          856         856     124.828       0.001
          859         859     124.726       0.001
          862         862     124.623       0.001
          865         865     124.519       0.001
          868         868     124.416       0.001
          871         871     124.314       0.001
          874         874     124.213       0.001
          877         877     124.111       0.001
          880         880     124.009       0.001
          883         883     123.908       0.001
          886         886     123.806       0.001
          889         889     123.704       0.001
          892         892     123.603       0.001
          895         895     123.501       0.001
          898         898     123.400       0.001
          901         901     123.297       0.001
          904         904     123.195       0.001
          907         907     123.092       0.001
          910         910     122.990       0.001
          913         913     122.887       0.001
          916         916     122.785       0.001
          919         919     122.683       0.001
          922         922     122.580       0.001
          925         925     122.478       0.001
          928         928     122.376       0.001
          931         931     122.275       0.001
          934         934     122.174       0.001
          937         937     122.074       0.001
          940         940     121.973       0.001
          943         943     121.873       0.001
          946         946     121.772       0.001
          949         949     121.672       0.001
          952         952     121.571       0.001
          955         955     121.471       0.001
          958         958     121.371       0.001
          961         961     121.271       0.001
          964         964     121.171       0.001
          967         967     121.071       0.001
          970         970     120.971       0.001
          973         973     120.871       0.001
          976         976     120.771       0.001
          979         979     120.671       0.001
          982         982     120.571       0.001
          985         985     120.471       0.001
          988         988     120.371       0.001
          991         991     120.272       0.001
          994         994     120.174       0.001
          997         997     120.076       0.001
        1e+03       1e+03     119.977       0.001
        1e+03       1e+03     119.879       0.001
     1.01e+03    1.01e+03     119.780       0.001
     1.01e+03    1.01e+03     119.681       0.001
     1.01e+03    1.01e+03     119.582       0.001
     1.02e+03    1.02e+03     119.483       0.001
     1.02e+03    1.02e+03     119.384       0.001
     1.02e+03    1.02e+03     119.285       0.001
     1.02e+03    1.02e+03     119.187       0.001
     1.03e+03    1.03e+03     119.089       0.001
     1.03e+03    1.03e+03     118.991       0.001
     1.03e+03    1.03e+03     118.892       0.001
     1.04e+03    1.04e+03     118.793       0.001
     1.04e+03    1.04e+03     118.693       0.001
     1.04e+03    1.04e+03     118.593       0.001
     1.05e+03    1.05e+03     118.492       0.001
     1.05e+03    1.05e+03     118.391       0.001
     1.05e+03    1.05e+03     118.289       0.001
     1.05e+03    1.05e+03     118.186       0.001
     1.06e+03    1.06e+03     118.082       0.001
     1.06e+03    1.06e+03     117.978       0.001
     1.06e+03    1.06e+03     117.873       0.001
     1.07e+03    1.07e+03     117.767       0.001
     1.07e+03    1.07e+03     117.660       0.001
     1.07e+03    1.07e+03     117.552       0.001
     1.08e+03    1.08e+03     117.443       0.001
     1.08e+03    1.08e+03     117.333       0.001
     1.08e+03    1.08e+03     117.223       0.001
     1.08e+03    1.08e+03     117.112       0.001
     1.09e+03    1.09e+03     116.999       0.001
     1.09e+03    1.09e+03     116.885       0.001
     1.09e+03    1.09e+03     116.768       0.001
      1.1e+03     1.1e+03     116.650       0.001
      1.1e+03     1.1e+03     116.530       0.001
      1.1e+03     1.1e+03     116.407       0.001
     1.11e+03    1.11e+03     116.281       0.001
     1.11e+03    1.11e+03     116.152       0.001
     1.11e+03    1.11e+03     116.021       0.001
     1.11e+03    1.11e+03     115.886       0.001
     1.12e+03    1.12e+03     115.746       0.001
     1.12e+03    1.12e+03     115.602       0.001
     1.12e+03    1.12e+03     115.451       0.001
     1.13e+03    1.13e+03     115.294       0.001
     1.13e+03    1.13e+03     115.128       0.001
     1.13e+03    1.13e+03     114.952       0.001
     1.14e+03    1.14e+03     114.764       0.001
     1.14e+03    1.14e+03     114.562       0.001
     1.14e+03    1.14e+03     114.342       0.001
     1.14e+03    1.14e+03     114.098       0.001
     1.15e+03    1.15e+03     113.823       0.001
     1.15e+03    1.15e+03     113.506       0.001
     1.15e+03    1.15e+03     113.131       0.001
     1.16e+03    1.16e+03     112.671       0.001
     1.16e+03    1.16e+03     112.082       0.001
     1.16e+03    1.16e+03     111.293       0.001
     1.17e+03    1.17e+03     110.230       0.001
     1.17e+03    1.17e+03     109.364       0.001
     1.17e+03    1.17e+03     110.081       0.001
     1.17e+03    1.17e+03     111.049       0.001
     1.18e+03    1.18e+03     111.691       0.001
     1.18e+03    1.18e+03     112.069       0.001
     1.18e+03    1.18e+03     112.255       0.001
     1.19e+03    1.19e+03     112.295       0.001
     1.19e+03    1.19e+03     112.220       0.001
     1.19e+03    1.19e+03     112.050       0.001
      1.2e+03     1.2e+03     111.794       0.001
      1.2e+03     1.2e+03     111.452       0.001
      1.2e+03     1.2e+03     111.012       0.001
      1.2e+03     1.2e+03     110.447       0.001
     1.21e+03    1.21e+03     109.700       0.001
     1.21e+03    1.21e+03     108.669       0.001
     1.21e+03    1.21e+03     107.324       0.001
     1.22e+03    1.22e+03     107.252       0.001
     1.22e+03    1.22e+03     108.532       0.001
     1.22e+03    1.22e+03     109.513       0.001
     1.23e+03    1.23e+03     110.206       0.001
     1.23e+03    1.23e+03     110.720       0.001
     1.23e+03    1.23e+03     111.117       0.001
     1.23e+03    1.23e+03     111.434       0.001
     1.24e+03    1.24e+03     111.692       0.001
     1.24e+03    1.24e+03     111.905       0.001
     1.24e+03    1.24e+03     112.084       0.001
     1.25e+03    1.25e+03     112.235       0.001
     1.25e+03    1.25e+03     112.364       0.001
     1.25e+03    1.25e+03     112.475       0.001
     1.26e+03    1.26e+03     112.571       0.001
     1.26e+03    1.26e+03     112.653       0.001
     1.26e+03    1.26e+03     112.725       0.001
     1.26e+03    1.26e+03     112.787       0.001
     1.27e+03    1.27e+03     112.840       0.001
     1.27e+03    1.27e+03     112.886       0.001
     1.27e+03    1.27e+03     112.925       0.001
     1.28e+03    1.28e+03     112.959       0.001
     1.28e+03    1.28e+03     112.986       0.001
     1.28e+03    1.28e+03     113.009       0.001
     1.29e+03    1.29e+03     113.028       0.001
     1.29e+03    1.29e+03     113.043       0.001
     1.29e+03    1.29e+03     113.055       0.001
     1.29e+03    1.29e+03     113.063       0.001
      1.3e+03     1.3e+03     113.069       0.001
      1.3e+03     1.3e+03     113.072       0.001
      1.3e+03     1.3e+03     113.072       0.001
     1.31e+03    1.31e+03     113.070       0.001
     1.31e+03    1.31e+03     113.065       0.001
     1.31e+03    1.31e+03     113.058       0.001
     1.32e+03    1.32e+03     113.049       0.001
     1.32e+03    1.32e+03     113.039       0.001
     1.32e+03    1.32e+03     113.027       0.001
     1.32e+03    1.32e+03     113.014       0.001
     1.33e+03    1.33e+03     112.999       0.001
     1.33e+03    1.33e+03     112.983       0.001
     1.33e+03    1.33e+03     112.965       0.001
     1.34e+03    1.34e+03     112.946       0.001
     1.34e+03    1.34e+03     112.926       0.001
     1.34e+03    1.34e+03     112.905       0.001
     1.35e+03    1.35e+03     112.882       0.001
     1.35e+03    1.35e+03     112.859       0.001
     1.35e+03    1.35e+03     112.834       0.001
     1.35e+03    1.35e+03     112.809       0.001
     1.36e+03    1.36e+03     112.783       0.001
     1.36e+03    1.36e+03     112.756       0.001
     1.36e+03    1.36e+03     112.728       0.001
     1.37e+03    1.37e+03     112.700       0.001
     1.37e+03    1.37e+03     112.670       0.001
     1.37e+03    1.37e+03     112.640       0.001
     1.38e+03    1.38e+03     112.610       0.001
     1.38e+03    1.38e+03     112.578       0.001
     1.38e+03    1.38e+03     112.547       0.001
     1.38e+03    1.38e+03     112.516       0.001
     1.39e+03    1.39e+03     112.485       0.001
     1.39e+03    1.39e+03     112.452       0.001
     1.39e+03    1.39e+03     112.420       0.001
      1.4e+03     1.4e+03     112.387       0.001
      1.4e+03     1.4e+03     112.353       0.001
      1.4e+03     1.4e+03     112.319       0.001
     1.41e+03    1.41e+03     112.285       0.001
     1.41e+03    1.41e+03     112.250       0.001
     1.41e+03    1.41e+03     112.215       0.001
     1.41e+03    1.41e+03     112.179       0.001
     1.42e+03    1.42e+03     112.143       0.001
     1.42e+03    1.42e+03     112.107       0.001
     1.42e+03    1.42e+03     112.071       0.001
     1.43e+03    1.43e+03     112.034       0.001
     1.43e+03    1.43e+03     111.997       0.001
     1.43e+03    1.43e+03     111.960       0.001
     1.44e+03    1.44e+03     111.922       0.001
     1.44e+03    1.44e+03     111.884       0.001
     1.44e+03    1.44e+03     111.848       0.001
     1.44e+03    1.44e+03     111.811       0.001
     1.45e+03    1.45e+03     111.774       0.001
     1.45e+03    1.45e+03     111.737       0.001
     1.45e+03    1.45e+03     111.699       0.001
     1.46e+03    1.46e+03     111.662       0.001
     1.46e+03    1.46e+03     111.624       0.001
     1.46e+03    1.46e+03     111.586       0.001
     1.47e+03    1.47e+03     111.548       0.001
     1.47e+03    1.47e+03     111.509       0.001
     1.47e+03    1.47e+03     111.471       0.001
     1.47e+03    1.47e+03     111.434       0.001
     1.48e+03    1.48e+03     111.396       0.001
     1.48e+03    1.48e+03     111.357       0.001
     1.48e+03    1.48e+03     111.319       0.001
     1.49e+03    1.49e+03     111.281       0.001
     1.49e+03    1.49e+03     111.242       0.001
     1.49e+03    1.49e+03     111.204       0.001
      1.5e+03     1.5e+03     111.165       0.001
      1.5e+03     1.5e+03     111.126       0.001
      1.5e+03     1.5e+03     111.087       0.001
      1.5e+03     1.5e+03     111.048       0.001
     1.51e+03    1.51e+03     111.009       0.001
     1.51e+03    1.51e+03     110.969       0.001
     1.51e+03    1.51e+03     110.930       0.001
     1.52e+03    1.52e+03     110.891       0.001
     1.52e+03    1.52e+03     110.851       0.001
     1.52e+03    1.52e+03     110.811       0.001
     1.53e+03    1.53e+03     110.772       0.001
     1.53e+03    1.53e+03     110.732       0.001
     1.53e+03    1.53e+03     110.693       0.001
     1.53e+03    1.53e+03     110.654       0.001
     1.54e+03    1.54e+03     110.615       0.001
     1.54e+03    1.54e+03     110.576       0.001
     1.54e+03    1.54e+03     110.537       0.001
     1.55e+03    1.55e+03     110.497       0.001
     1.55e+03    1.55e+03     110.458       0.001
     1.55e+03    1.55e+03     110.418       0.001
     1.56e+03    1.56e+03     110.379       0.001
     1.56e+03    1.56e+03     110.339       0.001
     1.56e+03    1.56e+03     110.299       0.001
     1.56e+03    1.56e+03     110.259       0.001
     1.57e+03    1.57e+03     110.219       0.001
     1.57e+03    1.57e+03     110.178       0.001
     1.57e+03    1.57e+03     110.138       0.001
     1.58e+03    1.58e+03     110.097       0.001
     1.58e+03    1.58e+03     110.056       0.001
     1.58e+03    1.58e+03     110.015       0.001
     1.59e+03    1.59e+03     109.974       0.001
     1.59e+03    1.59e+03     109.933       0.001
     1.59e+03    1.59e+03     109.892       0.001
     1.59e+03    1.59e+03     109.851       0.001
      1.6e+03     1.6e+03     109.809       0.001
      1.6e+03     1.6e+03     109.767       0.001
      1.6e+03     1.6e+03     109.725       0.001
     1.61e+03    1.61e+03     109.683       0.001
     1.61e+03    1.61e+03     109.641       0.001
     1.61e+03    1.61e+03     109.598       0.001
     1.62e+03    1.62e+03     109.555       0.001
     1.62e+03    1.62e+03     109.512       0.001
     1.62e+03    1.62e+03     109.469       0.001
     1.62e+03    1.62e+03     109.427       0.001
     1.63e+03    1.63e+03     109.384       0.001
     1.63e+03    1.63e+03     109.341       0.001
     1.63e+03    1.63e+03     109.297       0.001
     1.64e+03    1.64e+03     109.253       0.001
     1.64e+03    1.64e+03     109.208       0.001
     1.64e+03    1.64e+03     109.163       0.001
     1.65e+03    1.65e+03     109.118       0.001
     1.65e+03    1.65e+03     109.072       0.001
     1.65e+03    1.65e+03     109.025       0.001
     1.65e+03    1.65e+03     108.977       0.001
     1.66e+03    1.66e+03     108.929       0.001
     1.66e+03    1.66e+03     108.881       0.001
     1.66e+03    1.66e+03     108.831       0.001
     1.67e+03    1.67e+03     108.781       0.001
     1.67e+03    1.67e+03     108.729       0.001
     1.67e+03    1.67e+03     108.677       0.001
     1.68e+03    1.68e+03     108.624       0.001
     1.68e+03    1.68e+03     108.570       0.001
     1.68e+03    1.68e+03     108.515       0.001
     1.68e+03    1.68e+03     108.459       0.001
     1.69e+03    1.69e+03     108.402       0.001
     1.69e+03    1.69e+03     108.343       0.001
     1.69e+03    1.69e+03     108.282       0.001
      1.7e+03     1.7e+03     108.220       0.001
      1.7e+03     1.7e+03     108.155       0.001
      1.7e+03     1.7e+03     108.087       0.001
     1.71e+03    1.71e+03     108.017       0.001
     1.71e+03    1.71e+03     107.943       0.001
     1.71e+03    1.71e+03     107.866       0.001
     1.71e+03    1.71e+03     107.785       0.001
     1.72e+03    1.72e+03     107.699       0.001
     1.72e+03    1.72e+03     107.607       0.001
     1.72e+03    1.72e+03     107.509       0.001
     1.73e+03    1.73e+03     107.403       0.001
     1.73e+03    1.73e+03     107.288       0.001
     1.73e+03    1.73e+03     107.162       0.001
     1.74e+03    1.74e+03     107.021       0.001
     1.74e+03    1.74e+03     106.863       0.001
     1.74e+03    1.74e+03     106.683       0.001
     1.74e+03    1.74e+03     106.474       0.001
     1.75e+03    1.75e+03     106.223       0.001
     1.75e+03    1.75e+03     105.915       0.001
     1.75e+03    1.75e+03     105.518       0.001
     1.76e+03    1.76e+03     104.975       0.001
     1.76e+03    1.76e+03     104.175       0.001
     1.76e+03    1.76e+03     103.160       0.001
     1.77e+03    1.77e+03     103.657       0.001
     1.77e+03    1.77e+03     104.581       0.001
     1.77e+03    1.77e+03     105.184       0.001
     1.77e+03    1.77e+03     105.589       0.001
     1.78e+03    1.78e+03     105.870       0.001
     1.78e+03    1.78e+03     106.065       0.001
     1.78e+03    1.78e+03     106.192       0.001
     1.79e+03    1.79e+03     106.257       0.001
     1.79e+03    1.79e+03     106.260       0.001
     1.79e+03    1.79e+03     106.196       0.001
      1.8e+03     1.8e+03     106.053       0.001
      1.8e+03     1.8e+03     105.809       0.001
      1.8e+03     1.8e+03     105.424       0.001
      1.8e+03     1.8e+03     104.819       0.001
     1.81e+03    1.81e+03     103.975       0.001
     1.81e+03    1.81e+03     103.953       0.001
     1.81e+03    1.81e+03     104.733       0.001
     1.82e+03    1.82e+03     105.336       0.001
     1.82e+03    1.82e+03     105.738       0.001
     1.82e+03    1.82e+03     106.021       0.001
     1.83e+03    1.83e+03     106.229       0.001
     1.83e+03    1.83e+03     106.388       0.001
     1.83e+03    1.83e+03     106.513       0.001
     1.83e+03    1.83e+03     106.614       0.001
     1.84e+03    1.84e+03     106.696       0.001
     1.84e+03    1.84e+03     106.763       0.001
     1.84e+03    1.84e+03     106.820       0.001
     1.85e+03    1.85e+03     106.867       0.001
     1.85e+03    1.85e+03     106.907       0.001
     1.85e+03    1.85e+03     106.940       0.001
     1.86e+03    1.86e+03     106.969       0.001
     1.86e+03    1.86e+03     106.993       0.001
     1.86e+03    1.86e+03     107.014       0.001
     1.86e+03    1.86e+03     107.032       0.001
     1.87e+03    1.87e+03     107.047       0.001
     1.87e+03    1.87e+03     107.059       0.001
     1.87e+03    1.87e+03     107.069       0.001
     1.88e+03    1.88e+03     107.077       0.001
     1.88e+03    1.88e+03     107.084       0.001
     1.88e+03    1.88e+03     107.088       0.001
     1.89e+03    1.89e+03     107.092       0.001
     1.89e+03    1.89e+03     107.093       0.001
     1.89e+03    1.89e+03     107.094       0.001
      1.9e+03     1.9e+03     107.094       0.001
      1.9e+03     1.9e+03     107.093       0.001
      1.9e+03     1.9e+03     107.091       0.001
      1.9e+03     1.9e+03     107.088       0.001
     1.91e+03    1.91e+03     107.084       0.001
     1.91e+03    1.91e+03     107.079       0.001
     1.91e+03    1.91e+03     107.074       0.001
     1.92e+03    1.92e+03     107.068       0.001
     1.92e+03    1.92e+03     107.061       0.001
     1.92e+03    1.92e+03     107.054       0.001
     1.93e+03    1.93e+03     107.046       0.001
     1.93e+03    1.93e+03     107.038       0.001
     1.93e+03    1.93e+03     107.029       0.001
     1.93e+03    1.93e+03     107.020       0.001
     1.94e+03    1.94e+03     107.010       0.001
     1.94e+03    1.94e+03     107.000       0.001
     1.94e+03    1.94e+03     106.990       0.001
     1.95e+03    1.95e+03     106.979       0.001
     1.95e+03    1.95e+03     106.967       0.001
     1.95e+03    1.95e+03     106.956       0.001
     1.96e+03    1.96e+03     106.945       0.001
     1.96e+03    1.96e+03     106.933       0.001
     1.96e+03    1.96e+03     106.921       0.001
     1.96e+03    1.96e+03     106.909       0.001
     1.97e+03    1.97e+03     106.896       0.001
     1.97e+03    1.97e+03     106.883       0.001
     1.97e+03    1.97e+03     106.870       0.001
     1.98e+03    1.98e+03     106.857       0.001
     1.98e+03    1.98e+03     106.843       0.001
     1.98e+03    1.98e+03     106.829       0.001
     1.99e+03    1.99e+03     106.815       0.001
     1.99e+03    1.99e+03     106.801       0.001
     1.99e+03    1.99e+03     106.787       0.001
     1.99e+03    1.99e+03     106.772       0.001
        2e+03       2e+03     106.757       0.001
        2e+03       2e+03     106.742       0.001
        2e+03       2e+03     106.727       0.001
     2.01e+03    2.01e+03     106.712       0.001
     2.01e+03    2.01e+03     106.697       0.001
     2.01e+03    2.01e+03     106.682       0.001
     2.02e+03    2.02e+03     106.667       0.001
     2.02e+03    2.02e+03     106.651       0.001
     2.02e+03    2.02e+03     106.636       0.001
     2.02e+03    2.02e+03     106.621       0.001
     2.03e+03    2.03e+03     106.605       0.001
     2.03e+03    2.03e+03     106.589       0.001
     2.03e+03    2.03e+03     106.573       0.001
     2.04e+03    2.04e+03     106.557       0.001
     2.04e+03    2.04e+03     106.541       0.001
     2.04e+03    2.04e+03     106.526       0.001
     2.05e+03    2.05e+03     106.510       0.001
     2.05e+03    2.05e+03     106.494       0.001
     2.05e+03    2.05e+03     106.478       0.001
     2.05e+03    2.05e+03     106.462       0.001
     2.06e+03    2.06e+03     106.446       0.001
     2.06e+03    2.06e+03     106.430       0.001
     2.06e+03    2.06e+03     106.413       0.001
     2.07e+03    2.07e+03     106.397       0.001
     2.07e+03    2.07e+03     106.381       0.001
     2.07e+03    2.07e+03     106.366       0.001
     2.08e+03    2.08e+03     106.350       0.001
     2.08e+03    2.08e+03     106.335       0.001
     2.08e+03    2.08e+03     106.320       0.001
     2.08e+03    2.08e+03     106.304       0.001
     2.09e+03    2.09e+03     106.289       0.001
     2.09e+03    2.09e+03     106.273       0.001
     2.09e+03    2.09e+03     106.257       0.001
      2.1e+03     2.1e+03     106.241       0.001
      2.1e+03     2.1e+03     106.225       0.001
      2.1e+03     2.1e+03     106.209       0.001
     2.11e+03    2.11e+03     106.192       0.001
     2.11e+03    2.11e+03     106.176       0.001
     2.11e+03    2.11e+03     106.159       0.001
     2.11e+03    2.11e+03     106.142       0.001
     2.12e+03    2.12e+03     106.125       0.001
     2.12e+03    2.12e+03     106.108       0.001
     2.12e+03    2.12e+03     106.091       0.001
     2.13e+03    2.13e+03     106.074       0.001
     2.13e+03    2.13e+03     106.057       0.001
     2.13e+03    2.13e+03     106.041       0.001
     2.14e+03    2.14e+03     106.025       0.001
     2.14e+03    2.14e+03     106.008       0.001
     2.14e+03    2.14e+03     105.992       0.001
     2.14e+03    2.14e+03     105.975       0.001
     2.15e+03    2.15e+03     105.958       0.001
     2.15e+03    2.15e+03     105.942       0.001
     2.15e+03    2.15e+03     105.925       0.001
     2.16e+03    2.16e+03     105.908       0.001
     2.16e+03    2.16e+03     105.891       0.001
     2.16e+03    2.16e+03     105.873       0.001
     2.17e+03    2.17e+03     105.856       0.001
     2.17e+03    2.17e+03     105.838       0.001
     2.17e+03    2.17e+03     105.820       0.001
     2.17e+03    2.17e+03     105.802       0.001
     2.18e+03    2.18e+03     105.784       0.001
     2.18e+03    2.18e+03     105.766       0.001
     2.18e+03    2.18e+03     105.748       0.001
     2.19e+03    2.19e+03     105.729       0.001
     2.19e+03    2.19e+03     105.711       0.001
     2.19e+03    2.19e+03     105.692       0.001
      2.2e+03     2.2e+03     105.674       0.001
      2.2e+03     2.2e+03     105.655       0.001
      2.2e+03     2.2e+03     105.636       0.001
      2.2e+03     2.2e+03     105.617       0.001
     2.21e+03    2.21e+03     105.598       0.001
     2.21e+03    2.21e+03     105.578       0.001
     2.21e+03    2.21e+03     105.559       0.001
     2.22e+03    2.22e+03     105.539       0.001
     2.22e+03    2.22e+03     105.519       0.001
     2.22e+03    2.22e+03     105.499       0.001
     2.23e+03    2.23e+03     105.480       0.001
     2.23e+03    2.23e+03     105.460       0.001
     2.23e+03    2.23e+03     105.440       0.001
     2.23e+03    2.23e+03     105.419       0.001
     2.24e+03    2.24e+03     105.399       0.001
     2.24e+03    2.24e+03     105.377       0.001
     2.24e+03    2.24e+03     105.356       0.001
     2.25e+03    2.25e+03     105.334       0.001
     2.25e+03    2.25e+03     105.312       0.001
     2.25e+03    2.25e+03     105.290       0.001
     2.26e+03    2.26e+03     105.267       0.001
     2.26e+03    2.26e+03     105.243       0.001
     2.26e+03    2.26e+03     105.219       0.001
     2.26e+03    2.26e+03     105.195       0.001
     2.27e+03    2.27e+03     105.170       0.001
     2.27e+03    2.27e+03     105.144       0.001
     2.27e+03    2.27e+03     105.118       0.001
     2.28e+03    2.28e+03     105.091       0.001
     2.28e+03    2.28e+03     105.063       0.001
     2.28e+03    2.28e+03     105.035       0.001
     2.29e+03    2.29e+03     105.006       0.001
     2.29e+03    2.29e+03     104.975       0.001
     2.29e+03    2.29e+03     104.944       0.001
     2.29e+03    2.29e+03     104.911       0.001
      2.3e+03     2.3e+03     104.877       0.001
      2.3e+03     2.3e+03     104.840       0.001
      2.3e+03     2.3e+03     104.803       0.001
     2.31e+03    2.31e+03     104.762       0.001
     2.31e+03    2.31e+03     104.720       0.001
     2.31e+03    2.31e+03     104.674       0.001
     2.32e+03    2.32e+03     104.625       0.001
     2.32e+03    2.32e+03     104.572       0.001
     2.32e+03    2.32e+03     104.514       0.001
     2.32e+03    2.32e+03     104.450       0.001
     2.33e+03    2.33e+03     104.379       0.001
     2.33e+03    2.33e+03     104.299       0.001
     2.33e+03    2.33e+03     104.207       0.001
     2.34e+03    2.34e+03     104.100       0.001
     2.34e+03    2.34e+03     103.973       0.001
     2.34e+03    2.34e+03     103.816       0.001
     2.35e+03    2.35e+03     103.617       0.001
     2.35e+03    2.35e+03     103.349       0.001
     2.35e+03    2.35e+03     102.962       0.001
     2.35e+03    2.35e+03     102.352       0.001
     2.36e+03    2.36e+03     101.640       0.001
     2.36e+03    2.36e+03     102.100       0.001
     2.36e+03    2.36e+03     102.752       0.001
     2.37e+03    2.37e+03     103.158       0.001
     2.37e+03    2.37e+03     103.405       0.001
     2.37e+03    2.37e+03     103.552       0.001
     2.38e+03    2.38e+03     103.625       0.001
     2.38e+03    2.38e+03     103.639       0.001
     2.38e+03    2.38e+03     103.598       0.001
     2.38e+03    2.38e+03     103.505       0.001
     2.39e+03    2.39e+03     103.354       0.001
     2.39e+03    2.39e+03     103.127       0.001
     2.39e+03    2.39e+03     102.787       0.001
      2.4e+03     2.4e+03     102.238       0.001
      2.4e+03     2.4e+03     101.402       0.001
      2.4e+03     2.4e+03     101.515       0.001
     2.41e+03    2.41e+03     101.814       0.001
     2.41e+03    2.41e+03     102.407       0.001
     2.41e+03    2.41e+03     102.871       0.001
     2.41e+03    2.41e+03     103.177       0.001
     2.42e+03    2.42e+03     103.394       0.001
     2.42e+03    2.42e+03     103.557       0.001
     2.42e+03    2.42e+03     103.685       0.001
     2.43e+03    2.43e+03     103.789       0.001
     2.43e+03    2.43e+03     103.874       0.001
     2.43e+03    2.43e+03     103.945       0.001
     2.44e+03    2.44e+03     104.006       0.001
     2.44e+03    2.44e+03     104.058       0.001
     2.44e+03    2.44e+03     104.103       0.001
     2.44e+03    2.44e+03     104.142       0.001
     2.45e+03    2.45e+03     104.177       0.001
     2.45e+03    2.45e+03     104.207       0.001
     2.45e+03    2.45e+03     104.234       0.001
     2.46e+03    2.46e+03     104.257       0.001
     2.46e+03    2.46e+03     104.278       0.001
     2.46e+03    2.46e+03     104.297       0.001
     2.47e+03    2.47e+03     104.314       0.001
     2.47e+03    2.47e+03     104.328       0.001
     2.47e+03    2.47e+03     104.342       0.001
     2.47e+03    2.47e+03     104.353       0.001
     2.48e+03    2.48e+03     104.364       0.001
     2.48e+03    2.48e+03     104.373       0.001
     2.48e+03    2.48e+03     104.381       0.001
     2.49e+03    2.49e+03     104.388       0.001
     2.49e+03    2.49e+03     104.394       0.001
     2.49e+03    2.49e+03     104.399       0.001
      2.5e+03     2.5e+03     104.404       0.001
      2.5e+03     2.5e+03     104.407       0.001
      2.5e+03     2.5e+03     104.411       0.001
      2.5e+03     2.5e+03     104.413       0.001
     2.51e+03    2.51e+03     104.415       0.001
     2.51e+03    2.51e+03     104.417       0.001
     2.51e+03    2.51e+03     104.417       0.001
     2.52e+03    2.52e+03     104.418       0.001
     2.52e+03    2.52e+03     104.418       0.001
     2.52e+03    2.52e+03     104.419       0.001
     2.53e+03    2.53e+03     104.419       0.001
     2.53e+03    2.53e+03     104.419       0.001
     2.53e+03    2.53e+03     104.419       0.001
     2.53e+03    2.53e+03     104.418       0.001
     2.54e+03    2.54e+03     104.417       0.001
     2.54e+03    2.54e+03     104.416       0.001
     2.54e+03    2.54e+03     104.414       0.001
     2.55e+03    2.55e+03     104.412       0.001
     2.55e+03    2.55e+03     104.410       0.001
     2.55e+03    2.55e+03     104.408       0.001
     2.56e+03    2.56e+03     104.405       0.001
     2.56e+03    2.56e+03     104.402       0.001
     2.56e+03    2.56e+03     104.399       0.001
     2.56e+03    2.56e+03     104.396       0.001
     2.57e+03    2.57e+03     104.392       0.001
     2.57e+03    2.57e+03     104.389       0.001
     2.57e+03    2.57e+03     104.385       0.001
     2.58e+03    2.58e+03     104.381       0.001
     2.58e+03    2.58e+03     104.377       0.001
     2.58e+03    2.58e+03     104.372       0.001
     2.59e+03    2.59e+03     104.368       0.001
     2.59e+03    2.59e+03     104.363       0.001
     2.59e+03    2.59e+03     104.358       0.001
     2.59e+03    2.59e+03     104.353       0.001
      2.6e+03     2.6e+03     104.348       0.001
      2.6e+03     2.6e+03     104.343       0.001
      2.6e+03     2.6e+03     104.338       0.001
     2.61e+03    2.61e+03     104.333       0.001
     2.61e+03    2.61e+03     104.327       0.001
     2.61e+03    2.61e+03     104.322       0.001
     2.62e+03    2.62e+03     104.317       0.001
     2.62e+03    2.62e+03     104.312       0.001
     2.62e+03    2.62e+03     104.307       0.001
     2.62e+03    2.62e+03     104.302       0.001
     2.63e+03    2.63e+03     104.296       0.001
     2.63e+03    2.63e+03     104.291       0.001
     2.63e+03    2.63e+03     104.285       0.001
     2.64e+03    2.64e+03     104.280       0.001
     2.64e+03    2.64e+03     104.274       0.001
     2.64e+03    2.64e+03     104.269       0.001
     2.65e+03    2.65e+03     104.264       0.001
     2.65e+03    2.65e+03     104.258       0.001
     2.65e+03    2.65e+03     104.253       0.001
     2.65e+03    2.65e+03     104.247       0.001
     2.66e+03    2.66e+03     104.242       0.001
     2.66e+03    2.66e+03     104.236       0.001
     2.66e+03    2.66e+03     104.230       0.001
     2.67e+03    2.67e+03     104.224       0.001
     2.67e+03    2.67e+03     104.219       0.001
     2.67e+03    2.67e+03     104.213       0.001
     2.68e+03    2.68e+03     104.207       0.001
     2.68e+03    2.68e+03     104.201       0.001
     2.68e+03    2.68e+03     104.195       0.001
     2.68e+03    2.68e+03     104.189       0.001
     2.69e+03    2.69e+03     104.183       0.001
     2.69e+03    2.69e+03     104.177       0.001
     2.69e+03    2.69e+03     104.171       0.001
      2.7e+03     2.7e+03     104.164       0.001
      2.7e+03     2.7e+03     104.158       0.001
      2.7e+03     2.7e+03     104.151       0.001
     2.71e+03    2.71e+03     104.145       0.001
     2.71e+03    2.71e+03     104.138       0.001
     2.71e+03    2.71e+03     104.132       0.001
     2.71e+03    2.71e+03     104.125       0.001
     2.72e+03    2.72e+03     104.118       0.001
     2.72e+03    2.72e+03     104.112       0.001
     2.72e+03    2.72e+03     104.105       0.001
     2.73e+03    2.73e+03     104.098       0.001
     2.73e+03    2.73e+03     104.091       0.001
     2.73e+03    2.73e+03     104.084       0.001
     2.74e+03    2.74e+03     104.078       0.001
     2.74e+03    2.74e+03     104.071       0.001
     2.74e+03    2.74e+03     104.064       0.001
     2.74e+03    2.74e+03     104.058       0.001
     2.75e+03    2.75e+03     104.051       0.001
     2.75e+03    2.75e+03     104.044       0.001
     2.75e+03    2.75e+03     104.037       0.001
     2.76e+03    2.76e+03     104.030       0.001
     2.76e+03    2.76e+03     104.022       0.001
     2.76e+03    2.76e+03     104.015       0.001
     2.77e+03    2.77e+03     104.008       0.001
     2.77e+03    2.77e+03     104.001       0.001
     2.77e+03    2.77e+03     103.994       0.001
     2.77e+03    2.77e+03     103.986       0.001
     2.78e+03    2.78e+03     103.979       0.001
     2.78e+03    2.78e+03     103.971       0.001
     2.78e+03    2.78e+03     103.963       0.001
     2.79e+03    2.79e+03     103.955       0.001
     2.79e+03    2.79e+03     103.947       0.001
     2.79e+03    2.79e+03     103.939       0.001
      2.8e+03     2.8e+03     103.930       0.001
      2.8e+03     2.8e+03     103.921       0.001
      2.8e+03     2.8e+03     103.912       0.001
      2.8e+03     2.8e+03     103.903       0.001
     2.81e+03    2.81e+03     103.894       0.001
     2.81e+03    2.81e+03     103.884       0.001
     2.81e+03    2.81e+03     103.874       0.001
     2.82e+03    2.82e+03     103.865       0.001
     2.82e+03    2.82e+03     103.854       0.001
     2.82e+03    2.82e+03     103.844       0.001
     2.83e+03    2.83e+03     103.833       0.001
     2.83e+03    2.83e+03     103.822       0.001
     2.83e+03    2.83e+03     103.811       0.001
     2.83e+03    2.83e+03     103.800       0.001
     2.84e+03    2.84e+03     103.788       0.001
     2.84e+03    2.84e+03     103.776       0.001
     2.84e+03    2.84e+03     103.764       0.001
     2.85e+03    2.85e+03     103.751       0.001
     2.85e+03    2.85e+03     103.738       0.001
     2.85e+03    2.85e+03     103.724       0.001
     2.86e+03    2.86e+03     103.710       0.001
     2.86e+03    2.86e+03     103.695       0.001
     2.86e+03    2.86e+03     103.680       0.001
     2.86e+03    2.86e+03     103.665       0.001
     2.87e+03    2.87e+03     103.648       0.001
     2.87e+03    2.87e+03     103.631       0.001
     2.87e+03    2.87e+03     103.614       0.001
     2.88e+03    2.88e+03     103.595       0.001
     2.88e+03    2.88e+03     103.575       0.001
     2.88e+03    2.88e+03     103.555       0.001
     2.89e+03    2.89e+03     103.533       0.001
     2.89e+03    2.89e+03     103.511       0.001
     2.89e+03    2.89e+03     103.486       0.001
     2.89e+03    2.89e+03     103.460       0.001
      2.9e+03     2.9e+03     103.432       0.001
      2.9e+03     2.9e+03     103.402       0.001
      2.9e+03     2.9e+03     103.369       0.001
     2.91e+03    2.91e+03     103.334       0.001
     2.91e+03    2.91e+03     103.294       0.001
     2.91e+03    2.91e+03     103.251       0.001
     2.92e+03    2.92e+03     103.202       0.001
     2.92e+03    2.92e+03     103.147       0.001
     2.92e+03    2.92e+03     103.084       0.001
     2.92e+03    2.92e+03     103.011       0.001
     2.93e+03    2.93e+03     102.925       0.001
     2.93e+03    2.93e+03     102.822       0.001
     2.93e+03    2.93e+03     102.693       0.001
     2.94e+03    2.94e+03     102.526       0.001
     2.94e+03    2.94e+03     102.299       0.001
     2.94e+03    2.94e+03     101.962       0.001
     2.95e+03    2.95e+03     101.391       0.001
     2.95e+03    2.95e+03     100.760       0.001
     2.95e+03    2.95e+03     101.075       0.001
     2.95e+03    2.95e+03     101.641       0.001
     2.96e+03    2.96e+03     102.074       0.001
     2.96e+03    2.96e+03     102.340       0.001
     2.96e+03    2.96e+03     102.510       0.001
     2.97e+03    2.97e+03     102.617       0.001
     2.97e+03    2.97e+03     102.674       0.001
     2.97e+03    2.97e+03     102.687       0.001
     2.98e+03    2.98e+03     102.654       0.001
     2.98e+03    2.98e+03     102.569       0.001
     2.98e+03    2.98e+03     102.412       0.001
     2.98e+03    2.98e+03     102.138       0.001
     2.99e+03    2.99e+03     101.634       0.001
     2.99e+03    2.99e+03     101.267       0.001
     2.99e+03    2.99e+03     101.235       0.001
        3e+03       3e+03     101.477       0.001
        3e+03       3e+03     101.696    0.000501
