# IDX        LATG        LATC        LONW          MU          TB
    0      -83.38      -81.89      272.39      0.0854       -3.82
    1      -83.65      -82.21      243.24      0.1173       -3.34
    2      -83.72      -82.30      218.07      0.1256       -4.52
    3      -83.63      -82.19      192.74      0.1154       -6.79
    4      -83.34      -81.83      162.68      0.0800       -8.66
    5      -71.18      -67.28      281.02      0.1682       -3.33
    6      -71.37      -67.49      266.99      0.2305       -3.41
    7      -71.49      -67.64      255.73      0.2709       -4.10
    8      -71.57      -67.73      245.75      0.2984       -4.48
    9      -71.63      -67.80      236.47      0.3166       -4.01
   10      -71.66      -67.83      227.59      0.3268       -3.01
   11      -71.67      -67.85      218.87      0.3299       -2.33
   12      -71.66      -67.83      210.14      0.3261       -2.42
   13      -71.62      -67.79      201.23      0.3151       -3.05
   14      -71.57      -67.73      191.90      0.2961       -3.82
   15      -71.48      -67.62      181.83      0.2675       -4.69
   16      -71.35      -67.48      170.38      0.2255       -5.92
   17      -71.16      -67.25      155.88      0.1599       -7.23
   18      -63.64      -58.66      295.80      0.1182       -5.18
   19      -63.89      -58.94      279.88      0.2308       -3.95
   20      -64.04      -59.10      269.24      0.2964       -2.78
   21      -64.14      -59.22      260.42      0.3432       -2.79
   22      -64.22      -59.31      252.57      0.3783       -4.36
   23      -64.28      -59.38      245.32      0.4046       -6.55
   24      -64.33      -59.42      238.45      0.4239       -7.65
   25      -64.35      -59.46      231.84      0.4371       -6.59
   26      -64.37      -59.48      225.38      0.4447       -3.86
   27      -64.38      -59.48      218.98      0.4471       -1.23
   28      -64.37      -59.48      212.59      0.4442       -0.22
   29      -64.35      -59.46      206.11      0.4361       -1.14
   30      -64.32      -59.42      199.48      0.4223       -3.39
   31      -64.28      -59.37      192.58      0.4023       -6.26
   32      -64.22      -59.30      185.29      0.3752       -9.19
   33      -64.13      -59.21      177.36      0.3391      -11.40
   34      -64.03      -59.09      168.41      0.2909      -11.76
   35      -63.88      -58.92      157.49      0.2226       -9.48
   36      -63.60      -58.62      140.25      0.0990       -4.95
   37      -57.57      -52.02      303.32      0.0697       -6.08
   38      -57.88      -52.34      284.93      0.2332       -8.77
   39      -58.03      -52.51      274.65      0.3148       -9.68
   40      -58.14      -52.63      266.43      0.3730       -8.68
   41      -58.22      -52.72      259.25      0.4175       -6.95
   42      -58.29      -52.79      252.72      0.4526       -6.29
   43      -58.34      -52.84      246.61      0.4802       -7.63
   44      -58.38      -52.89      240.80      0.5016       -9.96
   45      -58.41      -52.92      235.20      0.5176      -10.98
   46      -58.43      -52.94      229.74      0.5287       -9.28
   47      -58.44      -52.96      224.37      0.5351       -5.70
   48      -58.45      -52.96      219.04      0.5371       -2.64
   49      -58.44      -52.96      213.70      0.5347       -1.88
   50      -58.43      -52.94      208.33      0.5278       -3.48
   51      -58.41      -52.92      202.85      0.5162       -6.27
   52      -58.38      -52.88      197.24      0.4997       -9.02
   53      -58.34      -52.84      191.40      0.4777      -11.04
   54      -58.28      -52.78      185.26      0.4494      -12.00
   55      -58.21      -52.71      178.67      0.4136      -11.79
   56      -58.13      -52.62      171.41      0.3679      -10.60
   57      -58.02      -52.49      163.05      0.3080       -9.03
   58      -57.86      -52.32      152.44      0.2228       -8.00
   59      -52.49      -46.67      293.97      0.1739       -6.72
   60      -52.69      -46.87      281.85      0.2924      -12.86
   61      -52.82      -47.01      273.26      0.3686      -16.82
   62      -52.91      -47.11      266.09      0.4259      -16.84
   63      -52.99      -47.19      259.72      0.4712      -13.22
   64      -53.05      -47.25      253.89      0.5079       -8.46
   65      -53.10      -47.30      248.41      0.5376       -5.60
   66      -53.14      -47.34      243.20      0.5614       -5.90
   67      -53.17      -47.38      238.17      0.5802       -7.98
   68      -53.20      -47.40      233.29      0.5943       -9.22
   69      -53.21      -47.42      228.50      0.6041       -8.20
   70      -53.22      -47.43      223.77      0.6099       -5.83
   71      -53.23      -47.43      219.07      0.6116       -4.13
   72      -53.22      -47.43      214.37      0.6095       -4.33
   73      -53.21      -47.42      209.63      0.6033       -6.11
   74      -53.19      -47.40      204.84      0.5931       -8.22
   75      -53.17      -47.37      199.94      0.5785       -9.53
   76      -53.14      -47.34      194.90      0.5593       -9.69
   77      -53.10      -47.30      189.66      0.5349       -9.03
   78      -53.04      -47.24      184.16      0.5045       -8.25
   79      -52.98      -47.18      178.27      0.4671       -8.06
   80      -52.90      -47.10      171.85      0.4208       -8.97
   81      -52.81      -46.99      164.57      0.3620      -11.12
   82      -52.67      -46.86      155.77      0.2832      -13.91
   83      -52.46      -46.64      142.92      0.1564      -15.94
   84      -47.73      -41.83      291.88      0.2134       -6.63
   85      -47.90      -42.00      281.33      0.3266      -13.48
   86      -48.02      -42.12      273.49      0.4035      -18.82
   87      -48.11      -42.21      266.87      0.4626      -20.23
   88      -48.18      -42.29      260.97      0.5102      -17.03
   89      -48.24      -42.35      255.54      0.5493      -10.95
   90      -48.29      -42.40      250.45      0.5815       -5.20
   91      -48.33      -42.44      245.61      0.6081       -2.36
   92      -48.37      -42.47      240.95      0.6296       -2.81
   93      -48.39      -42.50      236.43      0.6467       -4.79
   94      -48.41      -42.52      232.01      0.6596       -6.05
   95      -48.43      -42.53      227.67      0.6686       -5.64
   96      -48.44      -42.54      223.37      0.6739       -4.34
   97      -48.44      -42.54      219.09      0.6755       -3.60
   98      -48.44      -42.54      214.81      0.6735       -4.23
   99      -48.43      -42.53      210.51      0.6679       -5.95
  100      -48.41      -42.52      206.16      0.6585       -7.80
  101      -48.39      -42.50      201.73      0.6451       -8.86
  102      -48.36      -42.47      197.20      0.6277       -8.76
  103      -48.33      -42.43      192.53      0.6056       -7.80
  104      -48.29      -42.39      187.66      0.5786       -6.82
  105      -48.24      -42.34      182.54      0.5457       -6.72
  106      -48.18      -42.28      177.08      0.5059       -7.97
  107      -48.10      -42.20      171.12      0.4573      -10.23
  108      -48.01      -42.11      164.40      0.3967      -12.44
  109      -47.89      -41.99      156.39      0.3174      -13.40
  110      -47.70      -41.81      145.34      0.1979      -12.71
  111      -43.21      -37.40      292.32      0.2240       -8.90
  112      -43.39      -37.56      282.18      0.3425      -14.01
  113      -43.50      -37.68      274.66      0.4235      -17.43
  114      -43.59      -37.76      268.32      0.4862      -17.77
  115      -43.67      -37.83      262.67      0.5370      -15.03
  116      -43.73      -37.89      257.49      0.5792      -10.46
  117      -43.78      -37.94      252.64      0.6144       -5.97
  118      -43.82      -37.98      248.04      0.6439       -3.27
  119      -43.86      -38.02      243.62      0.6683       -3.09
  120      -43.89      -38.05      239.35      0.6883       -4.75
  121      -43.91      -38.07      235.18      0.7042       -6.54
  122      -43.93      -38.09      231.10      0.7162       -6.89
  123      -43.94      -38.10      227.07      0.7247       -5.55
  124      -43.95      -38.11      223.08      0.7297       -3.63
  125      -43.95      -38.11      219.11      0.7312       -2.66
  126      -43.95      -38.11      215.13      0.7293       -3.49
  127      -43.94      -38.10      211.14      0.7240       -5.77
  128      -43.92      -38.09      207.10      0.7152       -8.36
  129      -43.91      -38.07      203.01      0.7028      -10.04
  130      -43.88      -38.04      198.84      0.6865      -10.23
  131      -43.85      -38.02      194.55      0.6661       -9.23
  132      -43.82      -37.98      190.12      0.6411       -8.04
  133      -43.77      -37.94      185.49      0.6112       -7.60
  134      -43.72      -37.89      180.61      0.5753       -8.24
  135      -43.66      -37.83      175.39      0.5324       -9.60
  136      -43.58      -37.76      169.69      0.4805      -10.98
  137      -43.49      -37.67      163.26      0.4164      -11.79
  138      -43.37      -37.55      155.57      0.3329      -11.82
  139      -43.19      -37.37      144.96      0.2079      -11.22
  140      -38.88      -33.27      294.52      0.2089      -10.94
  141      -39.07      -33.44      284.03      0.3418      -15.85
  142      -39.19      -33.56      276.52      0.4300      -18.10
  143      -39.28      -33.64      270.26      0.4978      -16.85
  144      -39.36      -33.72      264.73      0.5529      -13.19
  145      -39.42      -33.77      259.68      0.5988       -9.13
  146      -39.47      -33.82      254.97      0.6374       -6.18
  147      -39.52      -33.87      250.52      0.6700       -4.96
  148      -39.55      -33.90      246.26      0.6975       -5.48
  149      -39.59      -33.93      242.15      0.7205       -7.32
  150      -39.61      -33.96      238.15      0.7394       -9.55
  151      -39.63      -33.98      234.25      0.7544      -10.87
  152      -39.65      -33.99      230.41      0.7659      -10.42
  153      -39.66      -34.00      226.62      0.7739       -8.61
  154      -39.67      -34.01      222.86      0.7786       -6.94
  155      -39.67      -34.01      219.12      0.7801       -6.99
  156      -39.67      -34.01      215.37      0.7783       -9.18
  157      -39.66      -34.00      211.61      0.7732      -12.40
  158      -39.65      -33.99      207.82      0.7649      -14.76
  159      -39.63      -33.97      203.97      0.7531      -14.96
  160      -39.61      -33.95      200.06      0.7377      -13.11
  161      -39.58      -33.93      196.05      0.7184      -10.47
  162      -39.55      -33.90      191.93      0.6950       -8.45
  163      -39.51      -33.86      187.65      0.6670       -7.93
  164      -39.47      -33.82      183.18      0.6338       -9.18
  165      -39.41      -33.77      178.44      0.5945      -11.94
  166      -39.35      -33.71      173.35      0.5479      -15.51
  167      -39.27      -33.64      167.76      0.4917      -18.60
  168      -39.18      -33.55      161.41      0.4222      -19.81
  169      -39.05      -33.43      153.72      0.3312      -18.45
  170      -38.86      -33.25      142.64      0.1898      -14.95
  171      -34.67      -29.37      298.80      0.1592       -8.25
  172      -34.89      -29.57      286.78      0.3236      -13.45
  173      -35.02      -29.69      278.97      0.4229      -16.79
  174      -35.12      -29.78      272.63      0.4978      -17.18
  175      -35.20      -29.85      267.10      0.5583      -15.13
  176      -35.26      -29.91      262.09      0.6086      -12.29
  177      -35.32      -29.96      257.44      0.6511      -10.22
  178      -35.37      -30.01      253.07      0.6873       -9.51
  179      -35.41      -30.04      248.90      0.7181       -9.94
  180      -35.44      -30.08      244.90      0.7441      -11.01
  181      -35.47      -30.10      241.01      0.7660      -12.32
  182      -35.49      -30.12      237.23      0.7840      -13.58
  183      -35.51      -30.14      233.53      0.7984      -14.52
  184      -35.53      -30.16      229.88      0.8094      -15.07
  185      -35.54      -30.16      226.27      0.8171      -15.67
  186      -35.54      -30.17      222.69      0.8216      -17.36
  187      -35.55      -30.17      219.13      0.8230      -20.86
  188      -35.54      -30.17      215.56      0.8213      -25.42
  189      -35.54      -30.16      211.98      0.8165      -28.64
  190      -35.53      -30.15      208.37      0.8084      -28.27
  191      -35.51      -30.14      204.71      0.7971      -24.17
  192      -35.49      -30.12      201.00      0.7824      -18.38
  193      -35.47      -30.10      197.21      0.7640      -13.33
  194      -35.44      -30.07      193.32      0.7417      -10.38
  195      -35.40      -30.04      189.30      0.7152       -9.82
  196      -35.36      -30.00      185.11      0.6839      -11.65
  197      -35.31      -29.96      180.71      0.6471      -15.55
  198      -35.26      -29.91      176.04      0.6039      -20.31
  199      -35.19      -29.84      170.98      0.5527      -23.87
  200      -35.11      -29.77      165.38      0.4911      -24.54
  201      -35.01      -29.68      158.94      0.4143      -22.24
  202      -34.87      -29.55      150.91      0.3114      -18.37
  203      -34.63      -29.34      137.80      0.1308      -14.32
  204      -30.80      -25.88      290.60      0.2837       -9.07
  205      -30.95      -26.01      282.05      0.4010      -13.07
  206      -31.06      -26.11      275.44      0.4857      -16.44
  207      -31.15      -26.19      269.78      0.5530      -18.64
  208      -31.22      -26.25      264.73      0.6086      -19.61
  209      -31.28      -26.30      260.08      0.6556      -19.74
  210      -31.33      -26.35      255.72      0.6958      -19.71
  211      -31.37      -26.39      251.60      0.7301      -19.93
  212      -31.41      -26.42      247.64      0.7596      -20.12
  213      -31.44      -26.45      243.83      0.7846      -19.61
  214      -31.47      -26.47      240.13      0.8056      -18.33
  215      -31.49      -26.49      236.51      0.8230      -17.16
  216      -31.51      -26.51      232.96      0.8369      -17.11
  217      -31.52      -26.52      229.46      0.8475      -18.55
  218      -31.53      -26.53      226.00      0.8549      -21.48
  219      -31.54      -26.54      222.56      0.8593      -25.99
  220      -31.54      -26.54      219.13      0.8607      -31.65
  221      -31.54      -26.54      215.71      0.8590      -36.50
  222      -31.53      -26.53      212.27      0.8543      -37.84
  223      -31.52      -26.52      208.80      0.8466      -34.63
  224      -31.51      -26.51      205.30      0.8356      -28.61
  225      -31.49      -26.49      201.74      0.8214      -22.76
  226      -31.47      -26.47      198.12      0.8037      -18.71
  227      -31.44      -26.45      194.40      0.7823      -16.35
  228      -31.41      -26.42      190.58      0.7568      -15.17
  229      -31.37      -26.38      186.61      0.7269      -15.20
  230      -31.32      -26.34      182.46      0.6920      -16.31
  231      -31.27      -26.30      178.08      0.6513      -17.48
  232      -31.21      -26.24      173.40      0.6035      -17.63
  233      -31.14      -26.18      168.29      0.5468      -16.87
  234      -31.05      -26.10      162.56      0.4782      -16.48
  235      -30.94      -26.00      155.82      0.3912      -17.24
  236      -30.78      -25.86      146.95      0.2687      -18.24
  237      -26.78      -22.32      296.22      0.2095       -6.27
  238      -26.96      -22.49      285.92      0.3611      -10.38
  239      -27.09      -22.59      278.74      0.4600      -15.59
  240      -27.18      -22.68      272.82      0.5363      -20.87
  241      -27.26      -22.74      267.62      0.5985      -24.74
  242      -27.32      -22.80      262.90      0.6508      -26.32
  243      -27.38      -22.85      258.51      0.6955      -26.11
  244      -27.43      -22.89      254.37      0.7339      -25.51
  245      -27.47      -22.93      250.44      0.7669      -25.30
  246      -27.50      -22.96      246.65      0.7953      -24.72
  247      -27.53      -22.99      242.99      0.8195      -22.56
  248      -27.56      -23.01      239.42      0.8399      -18.96
  249      -27.58      -23.03      235.93      0.8567      -15.50
  250      -27.60      -23.04      232.51      0.8702      -13.68
  251      -27.61      -23.05      229.13      0.8806      -13.89
  252      -27.62      -23.06      225.78      0.8878      -15.83
  253      -27.62      -23.06      222.45      0.8921      -19.03
  254      -27.63      -23.07      219.14      0.8934      -22.59
  255      -27.62      -23.06      215.82      0.8918      -24.98
  256      -27.62      -23.06      212.50      0.8873      -25.05
  257      -27.61      -23.05      209.15      0.8797      -23.33
  258      -27.59      -23.04      205.76      0.8690      -21.57
  259      -27.58      -23.02      202.33      0.8552      -20.96
  260      -27.56      -23.01      198.83      0.8380      -21.03
  261      -27.53      -22.98      195.26      0.8172      -20.79
  262      -27.50      -22.96      191.59      0.7926      -20.05
  263      -27.46      -22.92      187.79      0.7638      -19.12
  264      -27.42      -22.89      183.83      0.7303      -17.74
  265      -27.37      -22.85      179.67      0.6913      -15.52
  266      -27.32      -22.80      175.25      0.6460      -13.23
  267      -27.25      -22.74      170.49      0.5928      -12.82
  268      -27.17      -22.67      165.23      0.5293      -15.46
  269      -27.08      -22.58      159.22      0.4514      -19.81
  270      -26.95      -22.47      151.86      0.3493      -22.82
  271      -26.75      -22.30      140.91      0.1869      -22.24
  272      -23.02      -19.07      291.00      0.2955       -9.03
  273      -23.17      -19.20      282.71      0.4179      -15.77
  274      -23.28      -19.29      276.31      0.5066      -22.35
  275      -23.36      -19.36      270.84      0.5774      -26.35
  276      -23.43      -19.43      265.96      0.6362      -26.26
  277      -23.49      -19.48      261.47      0.6861      -22.88
  278      -23.55      -19.52      257.28      0.7290      -18.80
  279      -23.59      -19.56      253.31      0.7661      -16.38
  280      -23.63      -19.60      249.52      0.7981      -15.88
  281      -23.66      -19.62      245.86      0.8257      -15.61
  282      -23.69      -19.65      242.32      0.8493      -13.89
  283      -23.72      -19.67      238.86      0.8692      -10.64
  284      -23.74      -19.69      235.48      0.8856       -7.13
  285      -23.75      -19.70      232.15      0.8988       -4.58
  286      -23.76      -19.71      228.86      0.9090       -3.43
  287      -23.77      -19.72      225.60      0.9161       -3.50
  288      -23.78      -19.72      222.37      0.9203       -4.34
  289      -23.78      -19.72      219.14      0.9215       -5.43
  290      -23.78      -19.72      215.92      0.9200       -6.33
  291      -23.77      -19.72      212.68      0.9155       -7.01
  292      -23.76      -19.71      209.42      0.9081       -7.88
  293      -23.75      -19.70      206.13      0.8977       -9.42
  294      -23.73      -19.69      202.80      0.8841      -11.57
  295      -23.71      -19.67      199.41      0.8673      -13.93
  296      -23.69      -19.65      195.94      0.8471      -16.37
  297      -23.66      -19.62      192.39      0.8231      -18.90
  298      -23.63      -19.59      188.72      0.7951      -21.02
  299      -23.59      -19.56      184.91      0.7626      -21.80
  300      -23.54      -19.52      180.92      0.7250      -21.25
  301      -23.49      -19.47      176.70      0.6815      -20.94
  302      -23.43      -19.42      172.18      0.6307      -22.63
  303      -23.35      -19.36      167.25      0.5709      -26.06
  304      -23.27      -19.28      161.71      0.4987      -28.71
  305      -23.16      -19.19      155.18      0.4076      -27.98
  306      -23.00      -19.05      146.58      0.2798      -23.42
  307      -19.07      -15.71      298.85      0.1768       -8.72
  308      -19.28      -15.89      287.68      0.3532      -17.10
  309      -19.41      -16.00      280.39      0.4614      -24.66
  310      -19.51      -16.08      274.47      0.5437      -28.50
  311      -19.59      -16.15      269.32      0.6107      -26.78
  312      -19.66      -16.21      264.67      0.6671      -20.31
  313      -19.71      -16.25      260.36      0.7152      -12.28
  314      -19.76      -16.30      256.32      0.7569       -6.17
  315      -19.81      -16.33      252.48      0.7929       -3.57
  316      -19.84      -16.36      248.79      0.8242       -3.59
  317      -19.88      -16.39      245.24      0.8512       -3.96
  318      -19.90      -16.41      241.79      0.8742       -2.84
  319      -19.93      -16.43      238.42      0.8937        0.04
  320      -19.95      -16.45      235.11      0.9099        3.59
  321      -19.96      -16.46      231.86      0.9229        6.27
  322      -19.97      -16.47      228.65      0.9328        7.14
  323      -19.98      -16.48      225.47      0.9398        6.31
  324      -19.99      -16.49      222.30      0.9439        4.57
  325      -19.99      -16.49      219.15      0.9452        2.82
  326      -19.99      -16.49      215.99      0.9436        1.70
  327      -19.98      -16.48      212.83      0.9392        1.53
  328      -19.97      -16.47      209.64      0.9320        2.20
  329      -19.96      -16.46      206.42      0.9217        3.04
  330      -19.94      -16.45      203.17      0.9084        2.94
  331      -19.92      -16.43      199.86      0.8920        0.90
  332      -19.90      -16.41      196.48      0.8721       -3.30
  333      -19.87      -16.39      193.02      0.8486       -8.81
  334      -19.84      -16.36      189.45      0.8213      -14.24
  335      -19.80      -16.33      185.75      0.7895      -18.61
  336      -19.76      -16.29      181.89      0.7530      -22.02
  337      -19.71      -16.25      177.83      0.7107      -25.26
  338      -19.65      -16.20      173.49      0.6618      -28.61
  339      -19.58      -16.14      168.79      0.6046      -31.04
  340      -19.50      -16.07      163.58      0.5363      -30.83
  341      -19.40      -15.99      157.57      0.4520      -27.24
  342      -19.27      -15.88      150.08      0.3401      -21.15
  343      -19.04      -15.68      137.93      0.1470      -14.07
  344      -15.39      -12.63      294.62      0.2487      -15.92
  345      -15.57      -12.77      285.38      0.3950      -23.42
  346      -15.68      -12.87      278.68      0.4948      -27.37
  347      -15.78      -12.95      273.10      0.5728      -26.19
  348      -15.85      -13.01      268.17      0.6372      -20.41
  349      -15.92      -13.06      263.68      0.6918      -12.38
  350      -15.97      -13.11      259.51      0.7387       -4.92
  351      -16.02      -13.15      255.57      0.7793        0.07
  352      -16.06      -13.18      251.83      0.8147        2.26
  353      -16.10      -13.21      248.23      0.8453        2.87
  354      -16.13      -13.24      244.75      0.8718        3.87
  355      -16.15      -13.26      241.37      0.8946        6.76
  356      -16.18      -13.28      238.07      0.9138       11.38
  357      -16.20      -13.30      234.83      0.9297       15.86
  358      -16.21      -13.31      231.64      0.9425       17.86
  359      -16.22      -13.32      228.48      0.9523       16.37
  360      -16.23      -13.33      225.36      0.9592       12.27
  361      -16.24      -13.33      222.25      0.9633        7.60
  362      -16.24      -13.33      219.15      0.9645        4.33
  363      -16.23      -13.33      216.05      0.9630        3.69
  364      -16.23      -13.33      212.94      0.9587        6.04
  365      -16.22      -13.32      209.81      0.9515       10.50
  366      -16.21      -13.31      206.65      0.9414       14.93
  367      -16.19      -13.30      203.46      0.9283       16.96
  368      -16.17      -13.28      200.21      0.9120       15.42
  369      -16.15      -13.26      196.90      0.8925       11.07
  370      -16.12      -13.24      193.51      0.8694        5.55
  371      -16.09      -13.21      190.02      0.8425        0.04
  372      -16.06      -13.18      186.41      0.8113       -5.13
  373      -16.01      -13.14      182.65      0.7755       -9.93
  374      -15.97      -13.10      178.70      0.7343      -14.19
  375      -15.91      -13.06      174.50      0.6867      -17.55
  376      -15.84      -13.00      169.97      0.6313      -19.60
  377      -15.77      -12.94      164.99      0.5657      -20.04
  378      -15.67      -12.86      159.32      0.4860      -18.92
  379      -15.55      -12.76      152.47      0.3832      -16.49
  380      -15.37      -12.61      142.74      0.2284      -13.07
  381      -11.72       -9.58      292.07      0.2934      -14.91
  382      -11.87       -9.70      283.76      0.4252      -18.72
  383      -11.98       -9.79      277.44      0.5197      -19.20
  384      -12.07       -9.87      272.08      0.5949      -16.50
  385      -12.14       -9.93      267.31      0.6574      -11.72
  386      -12.20       -9.98      262.94      0.7108       -6.01
  387      -12.26      -10.02      258.86      0.7568       -0.31
  388      -12.30      -10.06      255.01      0.7967        4.46
  389      -12.34      -10.09      251.34      0.8315        7.63
  390      -12.38      -10.12      247.81      0.8618        9.51
  391      -12.41      -10.15      244.39      0.8879       11.43
  392      -12.43      -10.17      241.06      0.9104       14.64
  393      -12.46      -10.19      237.80      0.9294       18.74
  394      -12.47      -10.20      234.61      0.9451       21.63
  395      -12.49      -10.22      231.47      0.9578       21.28
  396      -12.50      -10.23      228.36      0.9675       17.49
  397      -12.51      -10.23      225.27      0.9744       12.06
  398      -12.51      -10.24      222.21      0.9784        7.47
  399      -12.51      -10.24      219.15      0.9796        5.61
  400      -12.51      -10.24      216.09      0.9781        7.25
  401      -12.51      -10.23      213.03      0.9738       11.85
  402      -12.50      -10.23      209.94      0.9667       17.48
  403      -12.49      -10.22      206.83      0.9567       21.51
  404      -12.47      -10.20      203.68      0.9437       22.23
  405      -12.45      -10.19      200.48      0.9276       19.95
  406      -12.43      -10.17      197.22      0.9083       16.39
  407      -12.41      -10.15      193.89      0.8855       12.91
  408      -12.37      -10.12      190.45      0.8589        9.66
  409      -12.34      -10.09      186.91      0.8282        6.33
  410      -12.30      -10.06      183.22      0.7930        2.92
  411      -12.25      -10.02      179.35      0.7524       -0.35
  412      -12.20       -9.97      175.25      0.7058       -3.34
  413      -12.13       -9.92      170.84      0.6516       -6.11
  414      -12.06       -9.86      166.02      0.5880       -8.62
  415      -11.97       -9.79      160.58      0.5112      -10.50
  416      -11.86       -9.69      154.13      0.4142      -11.29
  417      -11.70       -9.56      145.49      0.2763      -11.04
  418       -7.73       -6.31      306.18      0.0562       -1.75
  419       -8.04       -6.56      290.46      0.3221       -4.78
  420       -8.18       -6.67      282.68      0.4459       -6.67
  421       -8.29       -6.76      276.59      0.5371       -7.00
  422       -8.37       -6.83      271.37      0.6104       -5.89
  423       -8.45       -6.89      266.71      0.6718       -3.29
  424       -8.51       -6.94      262.42      0.7243        1.07
  425       -8.56       -6.98      258.41      0.7697        6.81
  426       -8.60       -7.02      254.61      0.8092       12.30
  427       -8.64       -7.05      250.99      0.8436       15.62
  428       -8.68       -7.08      247.50      0.8736       16.17
  429       -8.71       -7.10      244.12      0.8995       15.26
  430       -8.73       -7.13      240.83      0.9218       14.62
  431       -8.76       -7.14      237.62      0.9407       14.57
  432       -8.77       -7.16      234.46      0.9563       14.05
  433       -8.79       -7.17      231.34      0.9689       12.13
  434       -8.80       -7.18      228.27      0.9785        9.21
  435       -8.81       -7.19      225.21      0.9853        6.65
  436       -8.81       -7.19      222.18      0.9893        5.83
  437       -8.81       -7.19      219.15      0.9906        7.38
  438       -8.81       -7.19      216.13      0.9890       10.95
  439       -8.81       -7.19      213.09      0.9848       15.18
  440       -8.80       -7.18      210.04      0.9777       18.17
  441       -8.79       -7.17      206.95      0.9678       18.58
  442       -8.77       -7.16      203.84      0.9549       16.59
  443       -8.75       -7.14      200.67      0.9389       13.62
  444       -8.73       -7.12      197.45      0.9197       11.14
  445       -8.71       -7.10      194.15      0.8971        9.60
  446       -8.68       -7.08      190.76      0.8708        8.60
  447       -8.64       -7.05      187.26      0.8404        7.47
  448       -8.60       -7.01      183.62      0.8055        5.80
  449       -8.55       -6.98      179.81      0.7654        3.51
  450       -8.50       -6.93      175.78      0.7194        0.78
  451       -8.44       -6.88      171.45      0.6661       -2.00
  452       -8.37       -6.82      166.74      0.6037       -4.31
  453       -8.28       -6.75      161.46      0.5289       -5.66
  454       -8.17       -6.66      155.25      0.4354       -5.89
  455       -8.02       -6.54      147.20      0.3065       -5.52
  456       -4.11       -3.35      302.61      0.1174        4.73
  457       -4.37       -3.56      289.53      0.3385        2.74
  458       -4.50       -3.67      282.02      0.4582        1.47
  459       -4.61       -3.75      276.07      0.5476        1.07
  460       -4.69       -3.82      270.94      0.6199        1.53
  461       -4.76       -3.88      266.33      0.6806        3.30
  462       -4.82       -3.93      262.09      0.7326        6.84
  463       -4.87       -3.97      258.12      0.7776       11.60
  464       -4.92       -4.00      254.36      0.8168       15.67
  465       -4.96       -4.04      250.77      0.8511       17.00
  466       -4.99       -4.06      247.31      0.8809       15.20
  467       -5.02       -4.09      243.96      0.9067       11.79
  468       -5.05       -4.11      240.69      0.9288        8.59
  469       -5.07       -4.13      237.49      0.9476        6.27
  470       -5.09       -4.14      234.36      0.9632        4.54
  471       -5.10       -4.15      231.27      0.9757        3.18
  472       -5.11       -4.16      228.21      0.9853        2.51
  473       -5.12       -4.17      225.18      0.9921        3.05
  474       -5.12       -4.17      222.16      0.9961        5.01
  475       -5.13       -4.17      219.15      0.9973        8.08
  476       -5.12       -4.17      216.15      0.9958       11.34
  477       -5.12       -4.17      213.13      0.9916       13.59
  478       -5.11       -4.16      210.09      0.9845       14.02
  479       -5.10       -4.15      207.03      0.9746       12.71
  480       -5.08       -4.14      203.94      0.9618       10.49
  481       -5.07       -4.13      200.80      0.9459        8.31
  482       -5.04       -4.11      197.60      0.9268        6.77
  483       -5.02       -4.09      194.32      0.9043        6.02
  484       -4.99       -4.06      190.96      0.8781        5.63
  485       -4.95       -4.03      187.49      0.8478        4.90
  486       -4.91       -4.00      183.88      0.8132        3.34
  487       -4.87       -3.96      180.10      0.7734        1.01
  488       -4.81       -3.92      176.11      0.7277       -1.39
  489       -4.75       -3.87      171.84      0.6749       -3.08
  490       -4.68       -3.81      167.19      0.6132       -3.61
  491       -4.60       -3.74      161.99      0.5395       -3.02
  492       -4.49       -3.66      155.93      0.4480       -1.74
  493       -4.35       -3.54      148.17      0.3237       -0.38
  494       -4.05       -3.29      132.59      0.0583        0.64
  495       -0.45       -0.36      301.67      0.1330        1.64
  496       -0.69       -0.56      289.16      0.3444        0.78
  497       -0.83       -0.67      281.75      0.4627        1.18
  498       -0.93       -0.75      275.85      0.5514        2.14
  499       -1.01       -0.82      270.75      0.6234        2.91
  500       -1.08       -0.88      266.17      0.6839        3.52
  501       -1.14       -0.93      261.95      0.7357        4.60
  502       -1.19       -0.97      257.99      0.7806        6.36
  503       -1.24       -1.01      254.25      0.8197        8.07
  504       -1.27       -1.04      250.67      0.8539        8.69
  505       -1.31       -1.07      247.22      0.8837        7.98
  506       -1.34       -1.09      243.88      0.9094        6.60
  507       -1.36       -1.11      240.62      0.9316        5.27
  508       -1.39       -1.13      237.44      0.9503        4.19
  509       -1.40       -1.14      234.31      0.9659        3.37
  510       -1.42       -1.15      231.23      0.9784        2.96
  511       -1.43       -1.16      228.18      0.9880        3.32
  512       -1.44       -1.17      225.16      0.9947        4.65
  513       -1.44       -1.17      222.15      0.9987        6.75
  514       -1.44       -1.17      219.15      1.0000        9.02
  515       -1.44       -1.17      216.16      0.9985       10.85
  516       -1.44       -1.17      213.15      0.9942       12.03
  517       -1.43       -1.16      210.12      0.9872       12.76
  518       -1.42       -1.15      207.07      0.9773       13.25
  519       -1.40       -1.14      203.99      0.9645       13.30
  520       -1.38       -1.13      200.85      0.9486       12.67
  521       -1.36       -1.11      197.66      0.9295       11.43
  522       -1.34       -1.09      194.40      0.9070        9.85
  523       -1.31       -1.06      191.05      0.8809        7.94
  524       -1.27       -1.03      187.59      0.8507        5.50
  525       -1.23       -1.00      183.99      0.8161        2.61
  526       -1.19       -0.96      180.23      0.7764       -0.09
  527       -1.13       -0.92      176.25      0.7308       -1.75
  528       -1.07       -0.87      172.00      0.6782       -2.04
  529       -1.00       -0.82      167.38      0.6168       -1.38
  530       -0.92       -0.75      162.21      0.5434       -0.58
  531       -0.81       -0.66      156.20      0.4525       -0.13
  532       -0.67       -0.55      148.55      0.3298        0.18
  533       -0.39       -0.32      134.20      0.0854        0.97
  534        3.25        2.64      302.24      0.1219       -5.10
  535        3.00        2.44      289.33      0.3402       -4.36
  536        2.86        2.33      281.85      0.4595       -2.22
  537        2.76        2.24      275.92      0.5488       -0.37
  538        2.68        2.18      270.80      0.6210       -0.20
  539        2.61        2.12      266.21      0.6817       -1.53
  540        2.55        2.07      261.98      0.7337       -2.87
  541        2.49        2.03      258.02      0.7787       -2.75
  542        2.45        1.99      254.27      0.8179       -0.94
  543        2.41        1.96      250.69      0.8521        1.70
  544        2.38        1.93      247.24      0.8820        4.20
  545        2.35        1.91      243.89      0.9078        6.06
  546        2.32        1.89      240.63      0.9300        7.23
  547        2.30        1.87      237.45      0.9487        7.82
  548        2.28        1.86      234.32      0.9643        8.08
  549        2.27        1.84      231.23      0.9769        8.40
  550        2.26        1.84      228.19      0.9865        9.24
  551        2.25        1.83      225.16      0.9932       10.81
  552        2.24        1.83      222.15      0.9972       12.76
  553        2.24        1.82      219.15      0.9985       14.43
  554        2.24        1.83      216.15      0.9970       15.59
  555        2.25        1.83      213.15      0.9927       16.76
  556        2.26        1.84      210.12      0.9856       18.44
  557        2.27        1.85      207.07      0.9757       20.21
  558        2.28        1.86      203.98      0.9629       20.94
  559        2.30        1.87      200.84      0.9470       19.87
  560        2.32        1.89      197.65      0.9279       17.27
  561        2.35        1.91      194.39      0.9054       13.89
  562        2.38        1.94      191.03      0.8792       10.25
  563        2.41        1.96      187.57      0.8489        6.68
  564        2.45        2.00      183.97      0.8142        3.70
  565        2.50        2.03      180.20      0.7745        1.99
  566        2.55        2.08      176.22      0.7288        1.81
  567        2.61        2.13      171.96      0.6760        2.53
  568        2.68        2.18      167.32      0.6144        2.85
  569        2.77        2.25      162.14      0.5407        1.84
  570        2.87        2.34      156.10      0.4493       -0.18
  571        3.01        2.45      148.38      0.3254       -1.81
  572        3.31        2.70      133.20      0.0669       -1.58
  573        6.99        5.70      304.98      0.0728       -5.89
  574        6.70        5.46      290.05      0.3256       -4.52
  575        6.56        5.35      282.34      0.4486       -2.33
  576        6.46        5.26      276.29      0.5395       -1.11
  577        6.37        5.19      271.10      0.6127       -1.92
  578        6.30        5.13      266.46      0.6740       -3.98
  579        6.24        5.08      262.19      0.7265       -5.28
  580        6.19        5.04      258.21      0.7718       -4.22
  581        6.14        5.00      254.43      0.8113       -0.81
  582        6.10        4.97      250.82      0.8458        3.63
  583        6.07        4.94      247.35      0.8758        7.66
  584        6.04        4.92      243.99      0.9017       10.58
  585        6.01        4.90      240.72      0.9240       12.38
  586        5.99        4.88      237.52      0.9429       13.39
  587        5.97        4.87      234.38      0.9585       13.91
  588        5.96        4.85      231.28      0.9711       14.42
  589        5.95        4.85      228.22      0.9808       15.57
  590        5.94        4.84      225.18      0.9876       17.77
  591        5.94        4.84      222.16      0.9916       20.49
  592        5.93        4.83      219.15      0.9928       22.60
  593        5.94        4.84      216.14      0.9913       23.50
  594        5.94        4.84      213.12      0.9870       23.62
  595        5.95        4.85      210.08      0.9799       23.63
  596        5.96        4.86      207.02      0.9700       23.29
  597        5.97        4.87      203.92      0.9571       21.80
  598        5.99        4.88      200.77      0.9411       18.86
  599        6.02        4.90      197.56      0.9219       15.04
  600        6.04        4.92      194.28      0.8993       11.24
  601        6.07        4.95      190.91      0.8729        8.05
  602        6.11        4.98      187.43      0.8425        5.73
  603        6.15        5.01      183.81      0.8076        4.44
  604        6.19        5.05      180.01      0.7676        4.23
  605        6.25        5.09      176.00      0.7216        4.69
  606        6.31        5.14      171.70      0.6683        4.83
  607        6.38        5.20      167.01      0.6060        3.60
  608        6.47        5.27      161.76      0.5313        0.91
  609        6.57        5.36      155.60      0.4381       -2.02
  610        6.72        5.48      147.62      0.3101       -3.33
  611       10.43        8.52      291.42      0.2991       -1.55
  612       10.28        8.40      283.24      0.4294       -1.16
  613       10.17        8.31      276.98      0.5233       -0.70
  614       10.09        8.24      271.67      0.5983       -0.80
  615       10.01        8.18      266.93      0.6607       -1.13
  616        9.95        8.13      262.60      0.7140       -0.46
  617        9.90        8.08      258.55      0.7600        2.13
  618        9.85        8.04      254.73      0.7999        6.41
  619        9.81        8.01      251.09      0.8347       11.11
  620        9.78        7.98      247.58      0.8650       14.82
  621        9.75        7.96      244.19      0.8912       16.85
  622        9.72        7.94      240.88      0.9137       17.33
  623        9.70        7.92      237.66      0.9327       16.83
  624        9.68        7.90      234.49      0.9485       15.95
  625        9.67        7.89      231.37      0.9612       15.46
  626        9.65        7.88      228.28      0.9709       16.35
  627        9.65        7.87      225.23      0.9777       18.94
  628        9.64        7.87      222.19      0.9818       22.15
  629        9.64        7.87      219.15      0.9830       24.10
  630        9.64        7.87      216.12      0.9815       23.79
  631        9.65        7.88      213.08      0.9772       21.96
  632        9.66        7.88      210.02      0.9700       19.96
  633        9.67        7.89      206.93      0.9600       18.28
  634        9.68        7.90      203.80      0.9470       16.37
  635        9.70        7.92      200.63      0.9309       13.75
  636        9.72        7.94      197.40      0.9116       10.73
  637        9.75        7.96      194.09      0.8888        8.18
  638        9.78        7.98      190.68      0.8622        6.69
  639        9.82        8.01      187.16      0.8315        6.09
  640        9.86        8.05      183.50      0.7962        5.66
  641        9.90        8.09      179.66      0.7557        4.77
  642        9.96        8.13      175.59      0.7090        3.12
  643       10.02        8.18      171.22      0.6549        0.70
  644       10.09        8.24      166.44      0.5914       -2.28
  645       10.18        8.32      161.05      0.5149       -5.11
  646       10.29        8.41      154.67      0.4185       -6.48
  647       10.45        8.54      146.16      0.2822       -5.27
  648       14.20       11.64      293.66      0.2574       -4.16
  649       14.03       11.50      284.64      0.4009       -4.97
  650       13.92       11.40      278.04      0.4997       -3.34
  651       13.83       11.33      272.52      0.5774       -0.76
  652       13.75       11.26      267.65      0.6416        1.74
  653       13.69       11.21      263.21      0.6961        4.34
  654       13.63       11.16      259.08      0.7430        7.72
  655       13.59       11.13      255.19      0.7836       11.83
  656       13.55       11.09      251.48      0.8189       15.61
  657       13.51       11.06      247.92      0.8496       17.74
  658       13.48       11.04      244.48      0.8762       17.67
  659       13.45       11.01      241.13      0.8989       15.89
  660       13.43       11.00      237.87      0.9181       13.43
  661       13.41       10.98      234.66      0.9341       11.31
  662       13.40       10.97      231.50      0.9469       10.44
  663       13.39       10.96      228.38      0.9567       11.45
  664       13.38       10.95      225.29      0.9637       13.96
  665       13.37       10.95      222.22      0.9677       16.36
  666       13.37       10.95      219.15      0.9690       16.92
  667       13.37       10.95      216.08      0.9675       15.48
  668       13.38       10.95      213.01      0.9631       13.59
  669       13.39       10.96      209.91      0.9559       12.82
  670       13.40       10.97      206.79      0.9458       13.13
  671       13.41       10.98      203.63      0.9326       13.14
  672       13.43       11.00      200.42      0.9164       11.89
  673       13.46       11.02      197.14      0.8968        9.99
  674       13.48       11.04      193.79      0.8737        8.88
  675       13.51       11.06      190.34      0.8467        9.24
  676       13.55       11.09      186.76      0.8156       10.09
  677       13.59       11.13      183.04      0.7798        9.61
  678       13.64       11.17      179.13      0.7386        6.79
  679       13.70       11.22      174.97      0.6910        2.22
  680       13.76       11.27      170.49      0.6357       -2.62
  681       13.84       11.33      165.57      0.5703       -6.43
  682       13.93       11.41      159.97      0.4910       -8.38
  683       14.05       11.51      153.22      0.3892       -7.97
  684       14.23       11.66      143.75      0.2377       -5.26
  685       18.03       14.83      297.38      0.1913      -10.02
  686       17.83       14.67      286.68      0.3612       -9.51
  687       17.70       14.56      279.54      0.4679       -5.89
  688       17.61       14.48      273.72      0.5496       -1.53
  689       17.53       14.41      268.65      0.6163        2.03
  690       17.46       14.36      264.06      0.6725        4.87
  691       17.40       14.31      259.81      0.7206        7.66
  692       17.35       14.27      255.82      0.7622       10.41
  693       17.31       14.23      252.03      0.7982       12.33
  694       17.28       14.20      248.39      0.8295       12.60
  695       17.24       14.17      244.88      0.8565       11.20
  696       17.22       14.15      241.48      0.8796        8.86
  697       17.19       14.13      238.15      0.8991        6.58
  698       17.17       14.12      234.89      0.9153        5.20
  699       17.16       14.10      231.69      0.9283        5.25
  700       17.15       14.09      228.52      0.9383        6.72
  701       17.14       14.09      225.38      0.9453        8.75
  702       17.13       14.08      222.26      0.9494        9.94
  703       17.13       14.08      219.15      0.9507        9.56
  704       17.13       14.08      216.04      0.9491        8.40
  705       17.14       14.09      212.91      0.9447        8.06
  706       17.15       14.09      209.77      0.9374        9.16
  707       17.16       14.10      206.60      0.9272       10.61
  708       17.18       14.12      203.39      0.9139       10.77
  709       17.20       14.13      200.13      0.8973        9.35
  710       17.22       14.15      196.79      0.8775        7.90
  711       17.25       14.18      193.38      0.8540        8.36
  712       17.28       14.20      189.86      0.8266       11.08
  713       17.32       14.23      186.21      0.7948       14.10
  714       17.36       14.27      182.40      0.7583       14.68
  715       17.41       14.31      178.39      0.7161       11.68
  716       17.47       14.36      174.11      0.6672        6.44
  717       17.53       14.42      169.48      0.6101        1.40
  718       17.61       14.49      164.34      0.5422       -1.77
  719       17.71       14.57      158.43      0.4586       -2.77
  720       17.84       14.68      151.09      0.3483       -2.04
  721       18.06       14.86      139.56      0.1641       -0.43
  722       22.02       18.21      307.16      0.0285       -8.67
  723       21.68       17.93      289.66      0.3064       -6.82
  724       21.54       17.80      281.62      0.4262       -3.39
  725       21.43       17.71      275.35      0.5139       -0.16
  726       21.35       17.64      269.98      0.5842        2.07
  727       21.28       17.58      265.18      0.6427        3.58
  728       21.22       17.53      260.77      0.6925        4.94
  729       21.17       17.49      256.65      0.7354        6.21
  730       21.12       17.45      252.75      0.7724        6.99
  731       21.08       17.42      249.01      0.8044        6.86
  732       21.05       17.39      245.42      0.8320        5.83
  733       21.02       17.36      241.93      0.8556        4.36
  734       21.00       17.34      238.53      0.8756        3.06
  735       20.98       17.33      235.20      0.8920        2.48
  736       20.96       17.31      231.93      0.9053        2.86
  737       20.95       17.30      228.70      0.9154        4.00
  738       20.94       17.30      225.50      0.9225        5.24
  739       20.94       17.29      222.32      0.9267        5.92
  740       20.94       17.29      219.15      0.9280        5.99
  741       20.94       17.29      215.97      0.9264        6.09
  742       20.94       17.30      212.79      0.9220        6.78
  743       20.95       17.30      209.59      0.9145        7.65
  744       20.96       17.31      206.35      0.9041        7.52
  745       20.98       17.33      203.08      0.8905        5.63
  746       21.00       17.35      199.74      0.8737        2.69
  747       21.02       17.37      196.33      0.8535        0.85
  748       21.05       17.39      192.84      0.8295        2.13
  749       21.09       17.42      189.23      0.8014        6.50
  750       21.13       17.45      185.48      0.7689       11.41
  751       21.17       17.49      181.56      0.7314       13.69
  752       21.22       17.54      177.41      0.6879       12.22
  753       21.28       17.59      172.96      0.6373        8.59
  754       21.36       17.65      168.12      0.5777        5.27
  755       21.44       17.72      162.68      0.5061        3.54
  756       21.55       17.81      156.29      0.4160        3.22
  757       21.70       17.94      147.96      0.2912        3.53
  758       25.62       21.31      294.29      0.2265       -1.51
  759       25.44       21.16      284.50      0.3718        0.26
  760       25.32       21.06      277.53      0.4689        1.75
  761       25.23       20.98      271.75      0.5444        2.64
  762       25.15       20.91      266.66      0.6062        3.12
  763       25.09       20.85      262.03      0.6583        3.64
  764       25.03       20.81      257.73      0.7029        4.33
  765       24.99       20.77      253.67      0.7412        4.94
  766       24.95       20.73      249.81      0.7742        5.06
  767       24.91       20.70      246.10      0.8026        4.55
  768       24.88       20.68      242.51      0.8268        3.70
  769       24.86       20.65      239.01      0.8472        2.92
  770       24.84       20.64      235.60      0.8641        2.45
  771       24.82       20.62      232.24      0.8776        2.32
  772       24.81       20.61      228.93      0.8880        2.52
  773       24.80       20.60      225.65      0.8953        3.06
  774       24.79       20.60      222.39      0.8996        3.97
  775       24.79       20.60      219.14      0.9009        5.13
  776       24.79       20.60      215.89      0.8993        6.27
  777       24.80       20.60      212.63      0.8947        6.86
  778       24.81       20.61      209.35      0.8871        6.28
  779       24.82       20.62      206.04      0.8764        3.99
  780       24.84       20.64      202.67      0.8626        0.06
  781       24.86       20.66      199.25      0.8453       -4.32
  782       24.89       20.68      195.74      0.8246       -6.92
  783       24.92       20.70      192.14      0.8000       -5.93
  784       24.95       20.73      188.42      0.7711       -1.69
  785       24.99       20.77      184.54      0.7376        3.20
  786       25.04       20.81      180.46      0.6987        5.93
  787       25.09       20.86      176.13      0.6535        5.74
  788       25.16       20.92      171.47      0.6005        3.96
  789       25.24       20.98      166.32      0.5375        2.40
  790       25.33       21.06      160.45      0.4604        1.91
  791       25.45       21.17      153.31      0.3602        2.24
  792       25.64       21.34      142.96      0.2057        2.86
  793       29.74       24.93      305.09      0.0557       -1.13
  794       29.43       24.66      288.70      0.2984        0.17
  795       29.29       24.53      280.50      0.4121        1.52
  796       29.19       24.44      274.09      0.4954        2.37
  797       29.10       24.37      268.58      0.5620        2.69
  798       29.03       24.31      263.65      0.6173        2.85
  799       28.97       24.25      259.11      0.6641        3.08
  800       28.92       24.21      254.86      0.7041        3.32
  801       28.88       24.17      250.83      0.7384        3.41
  802       28.85       24.14      246.97      0.7678        3.43
  803       28.81       24.11      243.24      0.7929        3.56
  804       28.79       24.09      239.63      0.8139        3.75
  805       28.77       24.07      236.10      0.8313        3.67
  806       28.75       24.05      232.63      0.8452        3.24
  807       28.73       24.04      229.22      0.8558        2.91
  808       28.73       24.03      225.84      0.8633        3.39
  809       28.72       24.03      222.48      0.8677        4.85
  810       28.72       24.03      219.14      0.8690        6.58
  811       28.72       24.03      215.79      0.8674        7.49
  812       28.73       24.03      212.43      0.8627        6.96
  813       28.74       24.04      209.05      0.8549        5.03
  814       28.75       24.06      205.63      0.8439        1.93
  815       28.77       24.07      202.16      0.8297       -1.96
  816       28.79       24.09      198.62      0.8120       -5.74
  817       28.82       24.11      195.00      0.7905       -7.89
  818       28.85       24.14      191.26      0.7651       -7.35
  819       28.89       24.18      187.39      0.7352       -4.63
  820       28.93       24.21      183.34      0.7004       -1.64
  821       28.98       24.26      179.06      0.6597       -0.10
  822       29.04       24.31      174.49      0.6122       -0.32
  823       29.11       24.37      169.50      0.5559       -1.31
  824       29.20       24.45      163.93      0.4880       -1.85
  825       29.30       24.54      157.39      0.4025       -1.43
  826       29.45       24.68      148.91      0.2841       -0.38
  827       33.57       28.37      295.77      0.1859       -1.72
  828       33.37       28.19      284.74      0.3381        0.03
  829       33.25       28.08      277.26      0.4348        0.83
  830       33.15       27.99      271.13      0.5085        0.62
  831       33.07       27.92      265.76      0.5683       -0.12
  832       33.01       27.86      260.89      0.6182       -0.78
  833       32.96       27.81      256.38      0.6605       -0.90
  834       32.91       27.77      252.12      0.6966       -0.28
  835       32.87       27.73      248.07      0.7273        1.05
  836       32.84       27.70      244.18      0.7534        2.72
  837       32.81       27.68      240.40      0.7752        4.06
  838       32.78       27.66      236.73      0.7932        4.54
  839       32.77       27.64      233.12      0.8076        4.31
  840       32.75       27.63      229.58      0.8186        4.27
  841       32.74       27.62      226.07      0.8263        5.23
  842       32.74       27.61      222.60      0.8309        6.96
  843       32.73       27.61      219.13      0.8323        8.27
  844       32.74       27.61      215.66      0.8305        8.12
  845       32.74       27.62      212.18      0.8257        6.58
  846       32.75       27.63      208.68      0.8177        4.47
  847       32.77       27.64      205.13      0.8063        2.36
  848       32.79       27.66      201.52      0.7916        0.31
  849       32.81       27.68      197.83      0.7732       -1.60
  850       32.84       27.71      194.05      0.7509       -2.89
  851       32.87       27.74      190.14      0.7244       -3.08
  852       32.91       27.77      186.07      0.6932       -2.37
  853       32.96       27.82      181.79      0.6566       -1.63
  854       33.02       27.87      177.25      0.6136       -1.58
  855       33.08       27.93      172.34      0.5628       -2.17
  856       33.16       28.00      166.91      0.5018       -2.63
  857       33.26       28.09      160.68      0.4264       -2.24
  858       33.39       28.20      153.00      0.3265       -1.01
  859       33.60       28.40      141.17      0.1622        0.32
  860       37.61       32.09      291.52      0.2320        0.33
  861       37.45       31.93      281.77      0.3570       -0.33
  862       37.33       31.82      274.60      0.4428       -2.46
  863       37.24       31.74      268.58      0.5095       -4.95
  864       37.17       31.67      263.24      0.5639       -6.42
  865       37.11       31.61      258.35      0.6094       -6.06
  866       37.06       31.57      253.80      0.6478       -4.01
  867       37.01       31.53      249.49      0.6803       -1.08
  868       36.98       31.49      245.37      0.7077        1.76
  869       36.94       31.46      241.39      0.7307        3.76
  870       36.92       31.44      237.53      0.7495        4.64
  871       36.90       31.42      233.75      0.7645        4.70
  872       36.88       31.41      230.04      0.7760        4.75
  873       36.87       31.40      226.38      0.7840        5.38
  874       36.87       31.39      222.74      0.7887        6.37
  875       36.87       31.39      219.12      0.7902        6.90
  876       36.87       31.39      215.50      0.7884        6.42
  877       36.87       31.40      211.87      0.7833        5.26
  878       36.89       31.41      208.20      0.7750        4.15
  879       36.90       31.42      204.48      0.7632        3.38
  880       36.92       31.44      200.70      0.7478        2.66
  881       36.95       31.47      196.82      0.7286        1.63
  882       36.98       31.49      192.83      0.7052        0.36
  883       37.02       31.53      188.70      0.6773       -0.81
  884       37.06       31.57      184.36      0.6443       -1.72
  885       37.11       31.62      179.78      0.6052       -2.48
  886       37.17       31.68      174.86      0.5589       -3.11
  887       37.25       31.75      169.47      0.5034       -3.24
  888       37.34       31.83      163.36      0.4352       -2.45
  889       37.46       31.94      156.02      0.3469       -0.78
  890       37.64       32.11      145.80      0.2149        1.06
  891       41.84       36.08      289.00      0.2476        0.63
  892       41.69       35.93      279.62      0.3590       -3.33
  893       41.58       35.82      272.48      0.4375       -6.81
  894       41.49       35.74      266.41      0.4990       -8.22
  895       41.42       35.67      260.99      0.5492       -7.19
  896       41.36       35.62      256.01      0.5909       -4.53
  897       41.31       35.57      251.35      0.6258       -1.31
  898       41.27       35.53      246.92      0.6551        1.81
  899       41.24       35.50      242.68      0.6795        4.37
  900       41.21       35.47      238.57      0.6994        5.80
  901       41.19       35.45      234.56      0.7152        5.78
  902       41.17       35.43      230.64      0.7273        4.76
  903       41.16       35.42      226.77      0.7357        3.71
  904       41.15       35.42      222.93      0.7407        3.29
  905       41.15       35.41      219.11      0.7422        3.33
  906       41.15       35.42      215.29      0.7403        3.29
  907       41.16       35.42      211.46      0.7350        2.94
  908       41.17       35.43      207.58      0.7262        2.50
  909       41.19       35.45      203.65      0.7138        2.15
  910       41.21       35.47      199.63      0.6976        1.73
  911       41.24       35.50      195.51      0.6772        0.89
  912       41.27       35.53      191.25      0.6524       -0.59
  913       41.32       35.57      186.80      0.6226       -2.56
  914       41.37       35.62      182.11      0.5870       -4.55
  915       41.43       35.68      177.10      0.5446       -5.94
  916       41.50       35.75      171.63      0.4934       -6.12
  917       41.59       35.83      165.47      0.4306       -4.86
  918       41.70       35.94      158.18      0.3497       -2.50
  919       41.86       36.10      148.42      0.2329        0.08
  920       46.30       40.41      287.96      0.2397       -0.31
  921       46.14       40.26      278.31      0.3449       -2.77
  922       46.03       40.15      270.94      0.4191       -4.14
  923       45.95       40.06      264.66      0.4768       -4.54
  924       45.88       40.00      259.04      0.5236       -4.17
  925       45.82       39.94      253.87      0.5621       -2.74
  926       45.77       39.89      249.01      0.5941        0.03
  927       45.73       39.85      244.39      0.6204        3.39
  928       45.70       39.82      239.95      0.6418        5.68
  929       45.68       39.80      235.64      0.6588        5.66
  930       45.66       39.78      231.42      0.6716        3.79
  931       45.64       39.77      227.28      0.6806        1.69
  932       45.64       39.76      223.18      0.6859        0.58
  933       45.63       39.76      219.10      0.6875        0.40
  934       45.64       39.76      215.02      0.6855        0.33
  935       45.65       39.77      210.92      0.6799       -0.11
  936       45.66       39.78      206.77      0.6705       -0.63
  937       45.68       39.80      202.54      0.6573       -0.77
  938       45.70       39.83      198.22      0.6399       -0.60
  939       45.74       39.86      193.76      0.6180       -0.87
  940       45.78       39.90      189.12      0.5911       -2.28
  941       45.83       39.94      184.24      0.5586       -4.61
  942       45.88       40.00      179.03      0.5193       -6.81
  943       45.95       40.07      173.35      0.4716       -7.66
  944       46.04       40.16      166.99      0.4125       -6.65
  945       46.16       40.27      159.47      0.3362       -4.20
  946       46.32       40.43      149.43      0.2259       -1.18
  947       51.07       45.21      288.85      0.2069        0.58
  948       50.90       45.04      278.13      0.3138       -2.10
  949       50.78       44.92      270.17      0.3863       -5.60
  950       50.69       44.82      263.45      0.4419       -8.45
  951       50.62       44.75      257.46      0.4862       -8.79
  952       50.57       44.69      251.95      0.5222       -6.03
  953       50.52       44.65      246.79      0.5514       -1.67
  954       50.48       44.61      241.86      0.5750        1.69
  955       50.45       44.58      237.12      0.5936        2.52
  956       50.43       44.55      232.51      0.6076        1.31
  957       50.41       44.54      227.98      0.6173       -0.37
  958       50.40       44.53      223.52      0.6230       -1.42
  959       50.40       44.53      219.08      0.6248       -1.88
  960       50.40       44.53      214.64      0.6226       -2.35
  961       50.41       44.54      210.17      0.6165       -2.97
  962       50.43       44.56      205.64      0.6064       -3.22
  963       50.45       44.58      201.02      0.5919       -2.62
  964       50.48       44.61      196.26      0.5729       -1.65
  965       50.52       44.65      191.32      0.5488       -1.47
  966       50.57       44.70      186.12      0.5189       -2.77
  967       50.63       44.76      180.57      0.4822       -4.93
  968       50.70       44.83      174.52      0.4369       -6.48
  969       50.79       44.93      167.71      0.3800       -6.35
  970       50.91       45.05      159.57      0.3051       -4.50
  971       51.10       45.24      148.36      0.1923       -1.52
  972       56.32       50.69      293.85      0.1341       -4.58
  973       56.10       50.44      279.88      0.2605       -8.95
  974       55.96       50.30      270.65      0.3361      -11.91
  975       55.86       50.20      263.09      0.3916      -11.62
  976       55.79       50.11      256.45      0.4347       -8.06
  977       55.72       50.05      250.38      0.4688       -3.29
  978       55.68       50.00      244.71      0.4958        0.08
  979       55.64       49.96      239.30      0.5168        0.70
  980       55.61       49.93      234.09      0.5326       -1.01
  981       55.59       49.91      229.01      0.5435       -3.51
  982       55.58       49.90      224.02      0.5498       -5.32
  983       55.58       49.90      219.06      0.5518       -5.91
  984       55.58       49.90      214.10      0.5494       -5.61
  985       55.59       49.91      209.09      0.5426       -4.90
  986       55.61       49.93      204.00      0.5312       -3.86
  987       55.64       49.96      198.77      0.5150       -2.55
  988       55.68       50.00      193.35      0.4934       -1.56
  989       55.73       50.06      187.64      0.4657       -1.73
  990       55.79       50.12      181.52      0.4308       -3.22
  991       55.87       50.21      174.81      0.3867       -5.12
  992       55.97       50.31      167.13      0.3296       -6.11
  993       56.11       50.46      157.65      0.2511       -5.43
  994       56.36       50.73      142.50      0.1129       -3.15
  995       62.02       56.86      286.57      0.1669       -6.09
  996       61.83       56.64      273.83      0.2596       -4.03
  997       61.70       56.51      264.47      0.3198       -0.32
  998       61.61       56.41      256.56      0.3640        3.28
  999       61.54       56.33      249.48      0.3976        4.70
 1000       61.49       56.27      242.91      0.4230        2.83
 1001       61.45       56.23      236.68      0.4417       -1.63
 1002       61.42       56.20      230.68      0.4546       -6.39
 1003       61.41       56.18      224.82      0.4620       -9.11
 1004       61.40       56.18      219.01      0.4643       -8.98
 1005       61.41       56.18      213.21      0.4615       -6.99
 1006       61.42       56.20      207.33      0.4535       -4.69
 1007       61.45       56.23      201.31      0.4401       -2.97
 1008       61.49       56.28      195.06      0.4208       -2.00
 1009       61.55       56.34      188.45      0.3946       -1.83
 1010       61.62       56.41      181.30      0.3602       -2.56
 1011       61.71       56.52      173.28      0.3147       -4.01
 1012       61.84       56.66      163.72      0.2523       -5.43
 1013       62.05       56.89      150.33      0.1537       -5.87
 1014       69.06       64.81      287.87      0.1154        7.45
 1015       68.82       64.53      271.33      0.2071        9.08
 1016       68.67       64.37      259.98      0.2606        8.58
 1017       68.58       64.26      250.50      0.2972        5.17
 1018       68.51       64.18      241.99      0.3228       -0.05
 1019       68.47       64.13      234.05      0.3398       -4.55
 1020       68.44       64.10      226.42      0.3494       -6.27
 1021       68.43       64.09      218.93      0.3524       -5.25
 1022       68.44       64.10      211.44      0.3488       -3.26
 1023       68.47       64.13      203.78      0.3384       -2.09
 1024       68.52       64.19      195.80      0.3206       -2.20
 1025       68.59       64.27      187.21      0.2941       -2.93
 1026       68.69       64.38      177.60      0.2561       -3.48
 1027       68.83       64.55      165.96      0.2003       -3.65
 1028       69.10       64.86      148.24      0.1005       -3.65
 1029       79.29       76.92      268.06      0.1065        2.10
 1030       79.08       76.66      248.48      0.1494        1.23
 1031       78.98       76.53      232.92      0.1698        1.90
 1032       78.95       76.50      218.60      0.1757        3.03
 1033       78.98       76.54      204.22      0.1685        2.81
 1034       79.09       76.67      188.43      0.1464        0.44
 1035       79.32       76.96      168.06      0.0999       -3.02
