# IDX        LATG        LATC        LONW          MU          TB
    0      -83.38      -81.89      272.39      0.0854      138.89
    1      -83.65      -82.21      243.24      0.1173      144.68
    2      -83.72      -82.30      218.07      0.1256      145.12
    3      -83.63      -82.19      192.74      0.1154      141.38
    4      -83.34      -81.83      162.68      0.0800      134.52
    5      -71.18      -67.28      281.02      0.1682      143.76
    6      -71.37      -67.49      266.99      0.2305      165.62
    7      -71.49      -67.64      255.73      0.2709      181.39
    8      -71.57      -67.73      245.75      0.2984      191.93
    9      -71.63      -67.80      236.47      0.3166      198.59
   10      -71.66      -67.83      227.59      0.3268      202.29
   11      -71.67      -67.85      218.87      0.3299      203.16
   12      -71.66      -67.83      210.14      0.3261      200.87
   13      -71.62      -67.79      201.23      0.3151      195.04
   14      -71.57      -67.73      191.90      0.2961      185.43
   15      -71.48      -67.62      181.83      0.2675      172.04
   16      -71.35      -67.48      170.38      0.2255      155.17
   17      -71.16      -67.25      155.88      0.1599      135.57
   18      -63.64      -58.66      295.80      0.1182      123.07
   19      -63.89      -58.94      279.88      0.2308      155.23
   20      -64.04      -59.10      269.24      0.2964      181.50
   21      -64.14      -59.22      260.42      0.3432      199.73
   22      -64.22      -59.31      252.57      0.3783      210.28
   23      -64.28      -59.38      245.32      0.4046      215.51
   24      -64.33      -59.42      238.45      0.4239      218.55
   25      -64.35      -59.46      231.84      0.4371      221.66
   26      -64.37      -59.48      225.38      0.4447      225.09
   27      -64.38      -59.48      218.98      0.4471      227.45
   28      -64.37      -59.48      212.59      0.4442      227.09
   29      -64.35      -59.46      206.11      0.4361      223.36
   30      -64.32      -59.42      199.48      0.4223      216.49
   31      -64.28      -59.37      192.58      0.4023      206.80
   32      -64.22      -59.30      185.29      0.3752      194.27
   33      -64.13      -59.21      177.36      0.3391      178.92
   34      -64.03      -59.09      168.41      0.2909      161.25
   35      -63.88      -58.92      157.49      0.2226      142.22
   36      -63.60      -58.62      140.25      0.0990      122.47
   37      -57.57      -52.02      303.32      0.0697      112.96
   38      -57.88      -52.34      284.93      0.2332      146.61
   39      -58.03      -52.51      274.65      0.3148      175.48
   40      -58.14      -52.63      266.43      0.3730      197.68
   41      -58.22      -52.72      259.25      0.4175      212.79
   42      -58.29      -52.79      252.72      0.4526      221.10
   43      -58.34      -52.84      246.61      0.4802      223.86
   44      -58.38      -52.89      240.80      0.5016      223.66
   45      -58.41      -52.92      235.20      0.5176      223.71
   46      -58.43      -52.94      229.74      0.5287      225.93
   47      -58.44      -52.96      224.37      0.5351      229.69
   48      -58.45      -52.96      219.04      0.5371      232.64
   49      -58.44      -52.96      213.70      0.5347      232.94
   50      -58.43      -52.94      208.33      0.5278      230.41
   51      -58.41      -52.92      202.85      0.5162      226.01
   52      -58.38      -52.88      197.24      0.4997      220.56
   53      -58.34      -52.84      191.40      0.4777      214.13
   54      -58.28      -52.78      185.26      0.4494      206.18
   55      -58.21      -52.71      178.67      0.4136      195.92
   56      -58.13      -52.62      171.41      0.3679      182.40
   57      -58.02      -52.49      163.05      0.3080      164.60
   58      -57.86      -52.32      152.44      0.2228      141.65
   59      -52.49      -46.67      293.97      0.1739      125.34
   60      -52.69      -46.87      281.85      0.2924      157.11
   61      -52.82      -47.01      273.26      0.3686      181.95
   62      -52.91      -47.11      266.09      0.4259      200.37
   63      -52.99      -47.19      259.72      0.4712      214.18
   64      -53.05      -47.25      253.89      0.5079      224.02
   65      -53.10      -47.30      248.41      0.5376      229.30
   66      -53.14      -47.34      243.20      0.5614      230.19
   67      -53.17      -47.38      238.17      0.5802      228.75
   68      -53.20      -47.40      233.29      0.5943      227.89
   69      -53.21      -47.42      228.50      0.6041      229.13
   70      -53.22      -47.43      223.77      0.6099      231.61
   71      -53.23      -47.43      219.07      0.6116      233.32
   72      -53.22      -47.43      214.37      0.6095      233.00
   73      -53.21      -47.42      209.63      0.6033      230.94
   74      -53.19      -47.40      204.84      0.5931      228.31
   75      -53.17      -47.37      199.94      0.5785      226.05
   76      -53.14      -47.34      194.90      0.5593      224.21
   77      -53.10      -47.30      189.66      0.5349      221.94
   78      -53.04      -47.24      184.16      0.5045      217.77
   79      -52.98      -47.18      178.27      0.4671      209.92
   80      -52.90      -47.10      171.85      0.4208      196.45
   81      -52.81      -46.99      164.57      0.3620      175.77
   82      -52.67      -46.86      155.77      0.2832      147.82
   83      -52.46      -46.64      142.92      0.1564      115.08
   84      -47.73      -41.83      291.88      0.2134      129.53
   85      -47.90      -42.00      281.33      0.3266      161.44
   86      -48.02      -42.12      273.49      0.4035      184.85
   87      -48.11      -42.21      266.87      0.4626      201.04
   88      -48.18      -42.29      260.97      0.5102      213.33
   89      -48.24      -42.35      255.54      0.5493      223.55
   90      -48.29      -42.40      250.45      0.5815      231.14
   91      -48.33      -42.44      245.61      0.6081      234.88
   92      -48.37      -42.47      240.95      0.6296      234.97
   93      -48.39      -42.50      236.43      0.6467      233.36
   94      -48.41      -42.52      232.01      0.6596      232.36
   95      -48.43      -42.53      227.67      0.6686      232.93
   96      -48.44      -42.54      223.37      0.6739      234.33
   97      -48.44      -42.54      219.09      0.6755      235.09
   98      -48.44      -42.54      214.81      0.6735      234.41
   99      -48.43      -42.53      210.51      0.6679      232.56
  100      -48.41      -42.52      206.16      0.6585      230.46
  101      -48.39      -42.50      201.73      0.6451      229.01
  102      -48.36      -42.47      197.20      0.6277      228.44
  103      -48.33      -42.43      192.53      0.6056      228.22
  104      -48.29      -42.39      187.66      0.5786      227.07
  105      -48.24      -42.34      182.54      0.5457      223.21
  106      -48.18      -42.28      177.08      0.5059      214.72
  107      -48.10      -42.20      171.12      0.4573      200.09
  108      -48.01      -42.11      164.40      0.3967      178.71
  109      -47.89      -41.99      156.39      0.3174      151.38
  110      -47.70      -41.81      145.34      0.1979      120.12
  111      -43.21      -37.40      292.32      0.2240      127.88
  112      -43.39      -37.56      282.18      0.3425      161.85
  113      -43.50      -37.68      274.66      0.4235      187.37
  114      -43.59      -37.76      268.32      0.4862      204.61
  115      -43.67      -37.83      262.67      0.5370      216.29
  116      -43.73      -37.89      257.49      0.5792      224.85
  117      -43.78      -37.94      252.64      0.6144      231.08
  118      -43.82      -37.98      248.04      0.6439      234.65
  119      -43.86      -38.02      243.62      0.6683      235.37
  120      -43.89      -38.05      239.35      0.6883      234.10
  121      -43.91      -38.07      235.18      0.7042      232.61
  122      -43.93      -38.09      231.10      0.7162      232.47
  123      -43.94      -38.10      227.07      0.7247      233.96
  124      -43.95      -38.11      223.08      0.7297      235.96
  125      -43.95      -38.11      219.11      0.7312      236.95
  126      -43.95      -38.11      215.13      0.7293      236.10
  127      -43.94      -38.10      211.14      0.7240      233.72
  128      -43.92      -38.09      207.10      0.7152      230.96
  129      -43.91      -38.07      203.01      0.7028      229.02
  130      -43.88      -38.04      198.84      0.6865      228.46
  131      -43.85      -38.02      194.55      0.6661      228.87
  132      -43.82      -37.98      190.12      0.6411      229.04
  133      -43.77      -37.94      185.49      0.6112      227.52
  134      -43.72      -37.89      180.61      0.5753      223.01
  135      -43.66      -37.83      175.39      0.5324      214.36
  136      -43.58      -37.76      169.69      0.4805      200.39
  137      -43.49      -37.67      163.26      0.4164      180.09
  138      -43.37      -37.55      155.57      0.3329      153.38
  139      -43.19      -37.37      144.96      0.2079      121.78
  140      -38.88      -33.27      294.52      0.2089      124.93
  141      -39.07      -33.44      284.03      0.3418      159.47
  142      -39.19      -33.56      276.52      0.4300      186.53
  143      -39.28      -33.64      270.26      0.4978      205.62
  144      -39.36      -33.72      264.73      0.5529      218.38
  145      -39.42      -33.77      259.68      0.5988      226.52
  146      -39.47      -33.82      254.97      0.6374      231.25
  147      -39.52      -33.87      250.52      0.6700      233.38
  148      -39.55      -33.90      246.26      0.6975      233.45
  149      -39.59      -33.93      242.15      0.7205      232.04
  150      -39.61      -33.96      238.15      0.7394      230.14
  151      -39.63      -33.98      234.25      0.7544      229.08
  152      -39.65      -33.99      230.41      0.7659      229.72
  153      -39.66      -34.00      226.62      0.7739      231.66
  154      -39.67      -34.01      222.86      0.7786      233.40
  155      -39.67      -34.01      219.12      0.7801      233.38
  156      -39.67      -34.01      215.37      0.7783      231.16
  157      -39.66      -34.00      211.61      0.7732      227.86
  158      -39.65      -33.99      207.82      0.7649      225.35
  159      -39.63      -33.97      203.97      0.7531      224.94
  160      -39.61      -33.95      200.06      0.7377      226.51
  161      -39.58      -33.93      196.05      0.7184      228.76
  162      -39.55      -33.90      191.93      0.6950      230.17
  163      -39.51      -33.86      187.65      0.6670      229.64
  164      -39.47      -33.82      183.18      0.6338      226.40
  165      -39.41      -33.77      178.44      0.5945      219.71
  166      -39.35      -33.71      173.35      0.5479      208.76
  167      -39.27      -33.64      167.76      0.4917      192.95
  168      -39.18      -33.55      161.41      0.4222      172.10
  169      -39.05      -33.43      153.72      0.3312      146.59
  170      -38.86      -33.25      142.64      0.1898      117.69
  171      -34.67      -29.37      298.80      0.1592      122.81
  172      -34.89      -29.57      286.78      0.3236      158.29
  173      -35.02      -29.69      278.97      0.4229      185.71
  174      -35.12      -29.78      272.63      0.4978      204.29
  175      -35.20      -29.85      267.10      0.5583      216.11
  176      -35.26      -29.91      262.09      0.6086      223.36
  177      -35.32      -29.96      257.44      0.6511      227.37
  178      -35.37      -30.01      253.07      0.6873      229.07
  179      -35.41      -30.04      248.90      0.7181      229.28
  180      -35.44      -30.08      244.90      0.7441      228.68
  181      -35.47      -30.10      241.01      0.7660      227.75
  182      -35.49      -30.12      237.23      0.7840      226.79
  183      -35.51      -30.14      233.53      0.7984      226.08
  184      -35.53      -30.16      229.88      0.8094      225.70
  185      -35.54      -30.16      226.27      0.8171      225.22
  186      -35.54      -30.17      222.69      0.8216      223.61
  187      -35.55      -30.17      219.13      0.8230      220.12
  188      -35.54      -30.17      215.56      0.8213      215.54
  189      -35.54      -30.16      211.98      0.8165      212.24
  190      -35.53      -30.15      208.37      0.8084      212.49
  191      -35.51      -30.14      204.71      0.7971      216.40
  192      -35.49      -30.12      201.00      0.7824      221.95
  193      -35.47      -30.10      197.21      0.7640      226.67
  194      -35.44      -30.07      193.32      0.7417      229.19
  195      -35.40      -30.04      189.30      0.7152      229.10
  196      -35.36      -30.00      185.11      0.6839      226.18
  197      -35.31      -29.96      180.71      0.6471      220.22
  198      -35.26      -29.91      176.04      0.6039      211.43
  199      -35.19      -29.84      170.98      0.5527      200.34
  200      -35.11      -29.77      165.38      0.4911      186.71
  201      -35.01      -29.68      158.94      0.4143      168.98
  202      -34.87      -29.55      150.91      0.3114      145.31
  203      -34.63      -29.34      137.80      0.1308      115.92
  204      -30.80      -25.88      290.60      0.2837      150.68
  205      -30.95      -26.01      282.05      0.4010      181.44
  206      -31.06      -26.11      275.44      0.4857      200.76
  207      -31.15      -26.19      269.78      0.5530      210.74
  208      -31.22      -26.25      264.73      0.6086      215.39
  209      -31.28      -26.30      260.08      0.6556      217.70
  210      -31.33      -26.35      255.72      0.6958      218.92
  211      -31.37      -26.39      251.60      0.7301      219.42
  212      -31.41      -26.42      247.64      0.7596      219.77
  213      -31.44      -26.45      243.83      0.7846      220.70
  214      -31.47      -26.47      240.13      0.8056      222.32
  215      -31.49      -26.49      236.51      0.8230      223.77
  216      -31.51      -26.51      232.96      0.8369      224.04
  217      -31.52      -26.52      229.46      0.8475      222.76
  218      -31.53      -26.53      226.00      0.8549      219.94
  219      -31.54      -26.54      222.56      0.8593      215.49
  220      -31.54      -26.54      219.13      0.8607      209.85
  221      -31.54      -26.54      215.71      0.8590      204.98
  222      -31.53      -26.53      212.27      0.8543      203.56
  223      -31.52      -26.52      208.80      0.8466      206.66
  224      -31.51      -26.51      205.30      0.8356      212.51
  225      -31.49      -26.49      201.74      0.8214      218.14
  226      -31.47      -26.47      198.12      0.8037      221.90
  227      -31.44      -26.45      194.40      0.7823      223.90
  228      -31.41      -26.42      190.58      0.7568      224.60
  229      -31.37      -26.38      186.61      0.7269      223.86
  230      -31.32      -26.34      182.46      0.6920      221.58
  231      -31.27      -26.30      178.08      0.6513      218.23
  232      -31.21      -26.24      173.40      0.6035      213.84
  233      -31.14      -26.18      168.29      0.5468      206.57
  234      -31.05      -26.10      162.56      0.4782      192.89
  235      -30.94      -26.00      155.82      0.3912      169.93
  236      -30.78      -25.86      146.95      0.2687      138.02
  237      -26.78      -22.32      296.22      0.2095      129.73
  238      -26.96      -22.49      285.92      0.3611      166.19
  239      -27.09      -22.59      278.74      0.4600      190.75
  240      -27.18      -22.68      272.82      0.5363      203.20
  241      -27.26      -22.74      267.62      0.5985      208.11
  242      -27.32      -22.80      262.90      0.6508      210.37
  243      -27.38      -22.85      258.51      0.6955      212.29
  244      -27.43      -22.89      254.37      0.7339      213.81
  245      -27.47      -22.93      250.44      0.7669      214.64
  246      -27.50      -22.96      246.65      0.7953      215.71
  247      -27.53      -22.99      242.99      0.8195      218.26
  248      -27.56      -23.01      239.42      0.8399      222.17
  249      -27.58      -23.03      235.93      0.8567      225.89
  250      -27.60      -23.04      232.51      0.8702      227.91
  251      -27.61      -23.05      229.13      0.8806      227.85
  252      -27.62      -23.06      225.78      0.8878      226.01
  253      -27.62      -23.06      222.45      0.8921      222.87
  254      -27.63      -23.07      219.14      0.8934      219.33
  255      -27.62      -23.06      215.82      0.8918      216.92
  256      -27.62      -23.06      212.50      0.8873      216.78
  257      -27.61      -23.05      209.15      0.8797      218.40
  258      -27.59      -23.04      205.76      0.8690      220.00
  259      -27.58      -23.02      202.33      0.8552      220.41
  260      -27.56      -23.01      198.83      0.8380      220.08
  261      -27.53      -22.98      195.26      0.8172      219.98
  262      -27.50      -22.96      191.59      0.7926      220.31
  263      -27.46      -22.92      187.79      0.7638      220.70
  264      -27.42      -22.89      183.83      0.7303      221.29
  265      -27.37      -22.85      179.67      0.6913      222.19
  266      -27.32      -22.80      175.25      0.6460      221.93
  267      -27.25      -22.74      170.49      0.5928      217.11
  268      -27.17      -22.67      165.23      0.5293      204.12
  269      -27.08      -22.58      159.22      0.4514      181.27
  270      -26.95      -22.47      151.86      0.3493      149.64
  271      -26.75      -22.30      140.91      0.1869      112.83
  272      -23.02      -19.07      291.00      0.2955      142.30
  273      -23.17      -19.20      282.71      0.4179      173.00
  274      -23.28      -19.29      276.31      0.5066      191.87
  275      -23.36      -19.36      270.84      0.5774      201.97
  276      -23.43      -19.43      265.96      0.6362      208.66
  277      -23.49      -19.48      261.47      0.6861      214.88
  278      -23.55      -19.52      257.28      0.7290      220.28
  279      -23.59      -19.56      253.31      0.7661      223.47
  280      -23.63      -19.60      249.52      0.7981      224.53
  281      -23.66      -19.62      245.86      0.8257      225.25
  282      -23.69      -19.65      242.32      0.8493      227.34
  283      -23.72      -19.67      238.86      0.8692      230.89
  284      -23.74      -19.69      235.48      0.8856      234.64
  285      -23.75      -19.70      232.15      0.8988      237.38
  286      -23.76      -19.71      228.86      0.9090      238.67
  287      -23.77      -19.72      225.60      0.9161      238.71
  288      -23.78      -19.72      222.37      0.9203      237.92
  289      -23.78      -19.72      219.14      0.9215      236.85
  290      -23.78      -19.72      215.92      0.9200      235.92
  291      -23.77      -19.72      212.68      0.9155      235.19
  292      -23.76      -19.71      209.42      0.9081      234.21
  293      -23.75      -19.70      206.13      0.8977      232.52
  294      -23.73      -19.69      202.80      0.8841      230.18
  295      -23.71      -19.67      199.41      0.8673      227.57
  296      -23.69      -19.65      195.94      0.8471      224.83
  297      -23.66      -19.62      192.39      0.8231      221.92
  298      -23.63      -19.59      188.72      0.7951      219.33
  299      -23.59      -19.56      184.91      0.7626      217.91
  300      -23.54      -19.52      180.92      0.7250      217.49
  301      -23.49      -19.47      176.70      0.6815      215.97
  302      -23.43      -19.42      172.18      0.6307      210.37
  303      -23.35      -19.36      167.25      0.5709      198.64
  304      -23.27      -19.28      161.71      0.4987      180.18
  305      -23.16      -19.19      155.18      0.4076      155.15
  306      -23.00      -19.05      146.58      0.2798      124.52
  307      -19.07      -15.71      298.85      0.1768      114.12
  308      -19.28      -15.89      287.68      0.3532      148.54
  309      -19.41      -16.00      280.39      0.4614      174.49
  310      -19.51      -16.08      274.47      0.5437      191.83
  311      -19.59      -16.15      269.32      0.6107      204.60
  312      -19.66      -16.21      264.67      0.6671      216.04
  313      -19.71      -16.25      260.36      0.7152      226.22
  314      -19.76      -16.30      256.32      0.7569      233.40
  315      -19.81      -16.33      252.48      0.7929      236.69
  316      -19.84      -16.36      248.79      0.8242      237.20
  317      -19.88      -16.39      245.24      0.8512      237.25
  318      -19.90      -16.41      241.79      0.8742      238.72
  319      -19.93      -16.43      238.42      0.8937      241.89
  320      -19.95      -16.45      235.11      0.9099      245.66
  321      -19.96      -16.46      231.86      0.9229      248.52
  322      -19.97      -16.47      228.65      0.9328      249.53
  323      -19.98      -16.48      225.47      0.9398      248.80
  324      -19.99      -16.49      222.30      0.9439      247.11
  325      -19.99      -16.49      219.15      0.9452      245.38
  326      -19.99      -16.49      215.99      0.9436      244.24
  327      -19.98      -16.48      212.83      0.9392      244.01
  328      -19.97      -16.47      209.64      0.9320      244.59
  329      -19.96      -16.46      206.42      0.9217      245.29
  330      -19.94      -16.45      203.17      0.9084      245.00
  331      -19.92      -16.43      199.86      0.8920      242.73
  332      -19.90      -16.41      196.48      0.8721      238.24
  333      -19.87      -16.39      193.02      0.8486      232.38
  334      -19.84      -16.36      189.45      0.8213      226.51
  335      -19.80      -16.33      185.75      0.7895      221.58
  336      -19.76      -16.29      181.89      0.7530      217.34
  337      -19.71      -16.25      177.83      0.7107      212.65
  338      -19.65      -16.20      173.49      0.6618      206.25
  339      -19.58      -16.14      168.79      0.6046      197.31
  340      -19.50      -16.07      163.58      0.5363      184.75
  341      -19.40      -15.99      157.57      0.4520      166.53
  342      -19.27      -15.88      150.08      0.3401      140.91
  343      -19.04      -15.68      137.93      0.1470      109.04
  344      -15.39      -12.63      294.62      0.2487      118.26
  345      -15.57      -12.77      285.38      0.3950      151.62
  346      -15.68      -12.87      278.68      0.4948      178.07
  347      -15.78      -12.95      273.10      0.5728      197.64
  348      -15.85      -13.01      268.17      0.6372      212.68
  349      -15.92      -13.06      263.68      0.6918      224.81
  350      -15.97      -13.11      259.51      0.7387      234.07
  351      -16.02      -13.15      255.57      0.7793      240.01
  352      -16.06      -13.18      251.83      0.8147      242.84
  353      -16.10      -13.21      248.23      0.8453      243.95
  354      -16.13      -13.24      244.75      0.8718      245.36
  355      -16.15      -13.26      241.37      0.8946      248.58
  356      -16.18      -13.28      238.07      0.9138      253.48
  357      -16.20      -13.30      234.83      0.9297      258.17
  358      -16.21      -13.31      231.64      0.9425      260.36
  359      -16.22      -13.32      228.48      0.9523      258.99
  360      -16.23      -13.33      225.36      0.9592      254.99
  361      -16.24      -13.33      222.25      0.9633      250.38
  362      -16.24      -13.33      219.15      0.9645      247.12
  363      -16.23      -13.33      216.05      0.9630      246.47
  364      -16.23      -13.33      212.94      0.9587      248.76
  365      -16.22      -13.32      209.81      0.9515      253.12
  366      -16.21      -13.31      206.65      0.9414      257.42
  367      -16.19      -13.30      203.46      0.9283      259.27
  368      -16.17      -13.28      200.21      0.9120      257.51
  369      -16.15      -13.26      196.90      0.8925      252.88
  370      -16.12      -13.24      193.51      0.8694      247.02
  371      -16.09      -13.21      190.02      0.8425      241.09
  372      -16.06      -13.18      186.41      0.8113      235.40
  373      -16.01      -13.14      182.65      0.7755      229.88
  374      -15.97      -13.10      178.70      0.7343      224.46
  375      -15.91      -13.06      174.50      0.6867      218.79
  376      -15.84      -13.00      169.97      0.6313      211.80
  377      -15.77      -12.94      164.99      0.5657      201.14
  378      -15.67      -12.86      159.32      0.4860      183.46
  379      -15.55      -12.76      152.47      0.3832      156.34
  380      -15.37      -12.61      142.74      0.2284      120.92
  381      -11.72       -9.58      292.07      0.2934      126.82
  382      -11.87       -9.70      283.76      0.4252      162.51
  383      -11.98       -9.79      277.44      0.5197      190.38
  384      -12.07       -9.87      272.08      0.5949      209.64
  385      -12.14       -9.93      267.31      0.6574      222.51
  386      -12.20       -9.98      262.94      0.7108      231.75
  387      -12.26      -10.02      258.86      0.7568      239.03
  388      -12.30      -10.06      255.01      0.7967      244.67
  389      -12.34      -10.09      251.34      0.8315      248.45
  390      -12.38      -10.12      247.81      0.8618      250.81
  391      -12.41      -10.15      244.39      0.8879      253.13
  392      -12.43      -10.17      241.06      0.9104      256.66
  393      -12.46      -10.19      237.80      0.9294      261.03
  394      -12.47      -10.20      234.61      0.9451      264.13
  395      -12.49      -10.22      231.47      0.9578      263.95
  396      -12.50      -10.23      228.36      0.9675      260.29
  397      -12.51      -10.23      225.27      0.9744      254.95
  398      -12.51      -10.24      222.21      0.9784      250.42
  399      -12.51      -10.24      219.15      0.9796      248.57
  400      -12.51      -10.24      216.09      0.9781      250.20
  401      -12.51      -10.23      213.03      0.9738      254.74
  402      -12.50      -10.23      209.94      0.9667      260.28
  403      -12.49      -10.22      206.83      0.9567      264.18
  404      -12.47      -10.20      203.68      0.9437      264.72
  405      -12.45      -10.19      200.48      0.9276      262.22
  406      -12.43      -10.17      197.22      0.9083      258.40
  407      -12.41      -10.15      193.89      0.8855      254.59
  408      -12.37      -10.12      190.45      0.8589      250.94
  409      -12.34      -10.09      186.91      0.8282      247.12
  410      -12.30      -10.06      183.22      0.7930      243.06
  411      -12.25      -10.02      179.35      0.7524      238.81
  412      -12.20       -9.97      175.25      0.7058      233.94
  413      -12.13       -9.92      170.84      0.6516      227.05
  414      -12.06       -9.86      166.02      0.5880      215.58
  415      -11.97       -9.79      160.58      0.5112      196.34
  416      -11.86       -9.69      154.13      0.4142      167.19
  417      -11.70       -9.56      145.49      0.2763      129.17
  418       -7.73       -6.31      306.18      0.0562      106.15
  419       -8.04       -6.56      290.46      0.3221      147.34
  420       -8.18       -6.67      282.68      0.4459      182.72
  421       -8.29       -6.76      276.59      0.5371      207.72
  422       -8.37       -6.83      271.37      0.6104      222.90
  423       -8.45       -6.89      266.71      0.6718      232.11
  424       -8.51       -6.94      262.42      0.7243      239.34
  425       -8.56       -6.98      258.41      0.7697      246.41
  426       -8.60       -7.02      254.61      0.8092      252.71
  427       -8.64       -7.05      250.99      0.8436      256.61
  428       -8.68       -7.08      247.50      0.8736      257.62
  429       -8.71       -7.10      244.12      0.8995      257.10
  430       -8.73       -7.13      240.83      0.9218      256.77
  431       -8.76       -7.14      237.62      0.9407      256.99
  432       -8.77       -7.16      234.46      0.9563      256.68
  433       -8.79       -7.17      231.34      0.9689      254.93
  434       -8.80       -7.18      228.27      0.9785      252.13
  435       -8.81       -7.19      225.21      0.9853      249.67
  436       -8.81       -7.19      222.18      0.9893      248.90
  437       -8.81       -7.19      219.15      0.9906      250.46
  438       -8.81       -7.19      216.13      0.9890      254.02
  439       -8.81       -7.19      213.09      0.9848      258.20
  440       -8.80       -7.18      210.04      0.9777      261.09
  441       -8.79       -7.17      206.95      0.9678      261.38
  442       -8.77       -7.16      203.84      0.9549      259.21
  443       -8.75       -7.14      200.67      0.9389      256.03
  444       -8.73       -7.12      197.45      0.9197      253.28
  445       -8.71       -7.10      194.15      0.8971      251.43
  446       -8.68       -7.08      190.76      0.8708      250.04
  447       -8.64       -7.05      187.26      0.8404      248.43
  448       -8.60       -7.01      183.62      0.8055      246.16
  449       -8.55       -6.98      179.81      0.7654      242.96
  450       -8.50       -6.93      175.78      0.7194      238.55
  451       -8.44       -6.88      171.45      0.6661      232.09
  452       -8.37       -6.82      166.74      0.6037      221.73
  453       -8.28       -6.75      161.46      0.5289      204.66
  454       -8.17       -6.66      155.25      0.4354      178.48
  455       -8.02       -6.54      147.20      0.3065      143.18
  456       -4.11       -3.35      302.61      0.1174      126.01
  457       -4.37       -3.56      289.53      0.3385      166.62
  458       -4.50       -3.67      282.02      0.4582      199.03
  459       -4.61       -3.75      276.07      0.5476      220.27
  460       -4.69       -3.82      270.94      0.6199      232.30
  461       -4.76       -3.88      266.33      0.6806      239.44
  462       -4.82       -3.93      262.09      0.7326      245.38
  463       -4.87       -3.97      258.12      0.7776      251.35
  464       -4.92       -4.00      254.36      0.8168      256.18
  465       -4.96       -4.04      250.77      0.8511      258.08
  466       -4.99       -4.06      247.31      0.8809      256.74
  467       -5.02       -4.09      243.96      0.9067      253.71
  468       -5.05       -4.11      240.69      0.9288      250.82
  469       -5.07       -4.13      237.49      0.9476      248.76
  470       -5.09       -4.14      234.36      0.9632      247.24
  471       -5.10       -4.15      231.27      0.9757      246.05
  472       -5.11       -4.16      228.21      0.9853      245.51
  473       -5.12       -4.17      225.18      0.9921      246.13
  474       -5.12       -4.17      222.16      0.9961      248.15
  475       -5.13       -4.17      219.15      0.9973      251.23
  476       -5.12       -4.17      216.15      0.9958      254.47
  477       -5.12       -4.17      213.13      0.9916      256.67
  478       -5.11       -4.16      210.09      0.9845      257.01
  479       -5.10       -4.15      207.03      0.9746      255.58
  480       -5.08       -4.14      203.94      0.9618      253.20
  481       -5.07       -4.13      200.80      0.9459      250.80
  482       -5.04       -4.11      197.60      0.9268      249.01
  483       -5.02       -4.09      194.32      0.9043      247.93
  484       -4.99       -4.06      190.96      0.8781      247.16
  485       -4.95       -4.03      187.49      0.8478      245.97
  486       -4.91       -4.00      183.88      0.8132      243.82
  487       -4.87       -3.96      180.10      0.7734      240.65
  488       -4.81       -3.92      176.11      0.7277      236.76
  489       -4.75       -3.87      171.84      0.6749      231.97
  490       -4.68       -3.81      167.19      0.6132      224.79
  491       -4.60       -3.74      161.99      0.5395      212.30
  492       -4.49       -3.66      155.93      0.4480      191.29
  493       -4.35       -3.54      148.17      0.3237      160.37
  494       -4.05       -3.29      132.59      0.0583      121.96
  495       -0.45       -0.36      301.67      0.1330      129.30
  496       -0.69       -0.56      289.16      0.3444      168.75
  497       -0.83       -0.67      281.75      0.4627      200.44
  498       -0.93       -0.75      275.85      0.5514      221.60
  499       -1.01       -0.82      270.75      0.6234      233.46
  500       -1.08       -0.88      266.17      0.6839      239.47
  501       -1.14       -0.93      261.95      0.7357      243.06
  502       -1.19       -0.97      257.99      0.7806      246.10
  503       -1.24       -1.01      254.25      0.8197      248.60
  504       -1.27       -1.04      250.67      0.8539      249.80
  505       -1.31       -1.07      247.22      0.8837      249.55
  506       -1.34       -1.09      243.88      0.9094      248.55
  507       -1.36       -1.11      240.62      0.9316      247.53
  508       -1.39       -1.13      237.44      0.9503      246.71
  509       -1.40       -1.14      234.31      0.9659      246.10
  510       -1.42       -1.15      231.23      0.9784      245.86
  511       -1.43       -1.16      228.18      0.9880      246.34
  512       -1.44       -1.17      225.16      0.9947      247.76
  513       -1.44       -1.17      222.15      0.9987      249.91
  514       -1.44       -1.17      219.15      1.0000      252.20
  515       -1.44       -1.17      216.16      0.9985      254.02
  516       -1.44       -1.17      213.15      0.9942      255.14
  517       -1.43       -1.16      210.12      0.9872      255.79
  518       -1.42       -1.15      207.07      0.9773      256.15
  519       -1.40       -1.14      203.99      0.9645      256.03
  520       -1.38       -1.13      200.85      0.9486      255.19
  521       -1.36       -1.11      197.66      0.9295      253.69
  522       -1.34       -1.09      194.40      0.9070      251.79
  523       -1.31       -1.06      191.05      0.8809      249.50
  524       -1.27       -1.03      187.59      0.8507      246.60
  525       -1.23       -1.00      183.99      0.8161      243.14
  526       -1.19       -0.96      180.23      0.7764      239.66
  527       -1.13       -0.92      176.25      0.7308      236.71
  528       -1.07       -0.87      172.00      0.6782      233.91
  529       -1.00       -0.82      167.38      0.6168      229.17
  530       -0.92       -0.75      162.21      0.5434      218.88
  531       -0.81       -0.66      156.20      0.4525      199.14
  532       -0.67       -0.55      148.55      0.3298      168.15
  533       -0.39       -0.32      134.20      0.0854      128.63
  534        3.25        2.64      302.24      0.1219      116.23
  535        3.00        2.44      289.33      0.3402      156.38
  536        2.86        2.33      281.85      0.4595      190.82
  537        2.76        2.24      275.92      0.5488      214.95
  538        2.68        2.18      270.80      0.6210      228.20
  539        2.61        2.12      266.21      0.6817      233.52
  540        2.55        2.07      261.98      0.7337      235.28
  541        2.49        2.03      258.02      0.7787      236.88
  542        2.45        1.99      254.27      0.8179      239.54
  543        2.41        1.96      250.69      0.8521      242.77
  544        2.38        1.93      247.24      0.8820      245.73
  545        2.35        1.91      243.89      0.9078      247.98
  546        2.32        1.89      240.63      0.9300      249.46
  547        2.30        1.87      237.45      0.9487      250.32
  548        2.28        1.86      234.32      0.9643      250.79
  549        2.27        1.84      231.23      0.9769      251.27
  550        2.26        1.84      228.19      0.9865      252.24
  551        2.25        1.83      225.16      0.9932      253.89
  552        2.24        1.83      222.15      0.9972      255.89
  553        2.24        1.82      219.15      0.9985      257.58
  554        2.24        1.83      216.15      0.9970      258.73
  555        2.25        1.83      213.15      0.9927      259.85
  556        2.26        1.84      210.12      0.9856      261.44
  557        2.27        1.85      207.07      0.9757      263.09
  558        2.28        1.86      203.98      0.9629      263.64
  559        2.30        1.87      200.84      0.9470      262.37
  560        2.32        1.89      197.65      0.9279      259.51
  561        2.35        1.91      194.39      0.9054      255.81
  562        2.38        1.94      191.03      0.8792      251.79
  563        2.41        1.96      187.57      0.8489      247.76
  564        2.45        2.00      183.97      0.8142      244.21
  565        2.50        2.03      180.20      0.7745      241.74
  566        2.55        2.08      176.22      0.7288      240.35
  567        2.61        2.13      171.96      0.6760      238.67
  568        2.68        2.18      167.32      0.6144      233.61
  569        2.77        2.25      162.14      0.5407      221.05
  570        2.87        2.34      156.10      0.4493      197.37
  571        3.01        2.45      148.38      0.3254      162.07
  572        3.31        2.70      133.20      0.0669      119.69
  573        6.99        5.70      304.98      0.0728      102.16
  574        6.70        5.46      290.05      0.3256      144.18
  575        6.56        5.35      282.34      0.4486      182.04
  576        6.46        5.26      276.29      0.5395      209.21
  577        6.37        5.19      271.10      0.6127      224.12
  578        6.30        5.13      266.46      0.6740      230.11
  579        6.24        5.08      262.19      0.7265      232.49
  580        6.19        5.04      258.21      0.7718      235.23
  581        6.14        5.00      254.43      0.8113      239.54
  582        6.10        4.97      250.82      0.8458      244.59
  583        6.07        4.94      247.35      0.8758      249.10
  584        6.04        4.92      243.99      0.9017      252.41
  585        6.01        4.90      240.72      0.9240      254.53
  586        5.99        4.88      237.52      0.9429      255.80
  587        5.97        4.87      234.38      0.9585      256.54
  588        5.96        4.85      231.28      0.9711      257.21
  589        5.95        4.85      228.22      0.9808      258.49
  590        5.94        4.84      225.18      0.9876      260.78
  591        5.94        4.84      222.16      0.9916      263.56
  592        5.93        4.83      219.15      0.9928      265.69
  593        5.94        4.84      216.14      0.9913      266.56
  594        5.94        4.84      213.12      0.9870      266.64
  595        5.95        4.85      210.08      0.9799      266.55
  596        5.96        4.86      207.02      0.9700      266.09
  597        5.97        4.87      203.92      0.9571      264.43
  598        5.99        4.88      200.77      0.9411      261.28
  599        6.02        4.90      197.56      0.9219      257.20
  600        6.04        4.92      194.28      0.8993      253.08
  601        6.07        4.95      190.91      0.8729      249.50
  602        6.11        4.98      187.43      0.8425      246.71
  603        6.15        5.01      183.81      0.8076      244.84
  604        6.19        5.05      180.01      0.7676      243.83
  605        6.25        5.09      176.00      0.7216      242.96
  606        6.31        5.14      171.70      0.6683      240.24
  607        6.38        5.20      167.01      0.6060      232.40
  608        6.47        5.27      161.76      0.5313      215.63
  609        6.57        5.36      155.60      0.4381      187.37
  610        6.72        5.48      147.62      0.3101      148.80
  611       10.43        8.52      291.42      0.2991      138.66
  612       10.28        8.40      283.24      0.4294      177.32
  613       10.17        8.31      276.98      0.5233      206.15
  614       10.09        8.24      271.67      0.5983      223.40
  615       10.01        8.18      266.93      0.6607      232.04
  616        9.95        8.13      262.60      0.7140      236.82
  617        9.90        8.08      258.55      0.7600      241.29
  618        9.85        8.04      254.73      0.7999      246.56
  619        9.81        8.01      251.09      0.8347      251.90
  620        9.78        7.98      247.58      0.8650      256.10
  621        9.75        7.96      244.19      0.8912      258.53
  622        9.72        7.94      240.88      0.9137      259.34
  623        9.70        7.92      237.66      0.9327      259.11
  624        9.68        7.90      234.49      0.9485      258.44
  625        9.67        7.89      231.37      0.9612      258.13
  626        9.65        7.88      228.28      0.9709      259.15
  627        9.65        7.87      225.23      0.9777      261.83
  628        9.64        7.87      222.19      0.9818      265.09
  629        9.64        7.87      219.15      0.9830      267.06
  630        9.64        7.87      216.12      0.9815      266.74
  631        9.65        7.88      213.08      0.9772      264.85
  632        9.66        7.88      210.02      0.9700      262.77
  633        9.67        7.89      206.93      0.9600      260.95
  634        9.68        7.90      203.80      0.9470      258.87
  635        9.70        7.92      200.63      0.9309      256.03
  636        9.72        7.94      197.40      0.9116      252.75
  637        9.75        7.96      194.09      0.8888      249.87
  638        9.78        7.98      190.68      0.8622      247.99
  639        9.82        8.01      187.16      0.8315      246.91
  640        9.86        8.05      183.50      0.7962      245.87
  641        9.90        8.09      179.66      0.7557      244.11
  642        9.96        8.13      175.59      0.7090      240.89
  643       10.02        8.18      171.22      0.6549      234.94
  644       10.09        8.24      166.44      0.5914      223.86
  645       10.18        8.32      161.05      0.5149      204.47
  646       10.29        8.41      154.67      0.4185      174.75
  647       10.45        8.54      146.16      0.2822      136.47
  648       14.20       11.64      293.66      0.2574      129.83
  649       14.03       11.50      284.64      0.4009      167.86
  650       13.92       11.40      278.04      0.4997      199.04
  651       13.83       11.33      272.52      0.5774      220.42
  652       13.75       11.26      267.65      0.6416      233.14
  653       13.69       11.21      263.21      0.6961      240.68
  654       13.63       11.16      259.08      0.7430      246.37
  655       13.59       11.13      255.19      0.7836      251.65
  656       13.55       11.09      251.48      0.8189      256.14
  657       13.51       11.06      247.92      0.8496      258.79
  658       13.48       11.04      244.48      0.8762      259.13
  659       13.45       11.01      241.13      0.8989      257.70
  660       13.43       11.00      237.87      0.9181      255.52
  661       13.41       10.98      234.66      0.9341      253.62
  662       13.40       10.97      231.50      0.9469      252.93
  663       13.39       10.96      228.38      0.9567      254.07
  664       13.38       10.95      225.29      0.9637      256.68
  665       13.37       10.95      222.22      0.9677      259.13
  666       13.37       10.95      219.15      0.9690      259.71
  667       13.37       10.95      216.08      0.9675      258.25
  668       13.38       10.95      213.01      0.9631      256.31
  669       13.39       10.96      209.91      0.9559      255.45
  670       13.40       10.97      206.79      0.9458      255.62
  671       13.41       10.98      203.63      0.9326      255.45
  672       13.43       11.00      200.42      0.9164      253.99
  673       13.46       11.02      197.14      0.8968      251.81
  674       13.48       11.04      193.79      0.8737      250.37
  675       13.51       11.06      190.34      0.8467      250.32
  676       13.55       11.09      186.76      0.8156      250.67
  677       13.59       11.13      183.04      0.7798      249.55
  678       13.64       11.17      179.13      0.7386      245.78
  679       13.70       11.22      174.97      0.6910      239.40
  680       13.76       11.27      170.49      0.6357      230.46
  681       13.84       11.33      165.57      0.5703      217.40
  682       13.93       11.41      159.97      0.4910      197.06
  683       14.05       11.51      153.22      0.3892      167.07
  684       14.23       11.66      143.75      0.2377      128.92
  685       18.03       14.83      297.38      0.1913      113.09
  686       17.83       14.67      286.68      0.3612      152.55
  687       17.70       14.56      279.54      0.4679      187.89
  688       17.61       14.48      273.72      0.5496      214.05
  689       17.53       14.41      268.65      0.6163      230.38
  690       17.46       14.36      264.06      0.6725      239.73
  691       17.40       14.31      259.81      0.7206      245.57
  692       17.35       14.27      255.82      0.7622      249.77
  693       17.31       14.23      252.03      0.7982      252.51
  694       17.28       14.20      248.39      0.8295      253.35
  695       17.24       14.17      244.88      0.8565      252.38
  696       17.22       14.15      241.48      0.8796      250.39
  697       17.19       14.13      238.15      0.8991      248.41
  698       17.17       14.12      234.89      0.9153      247.26
  699       17.16       14.10      231.69      0.9283      247.50
  700       17.15       14.09      228.52      0.9383      249.11
  701       17.14       14.09      225.38      0.9453      251.23
  702       17.13       14.08      222.26      0.9494      252.48
  703       17.13       14.08      219.15      0.9507      252.12
  704       17.13       14.08      216.04      0.9491      250.95
  705       17.14       14.09      212.91      0.9447      250.55
  706       17.15       14.09      209.77      0.9374      251.55
  707       17.16       14.10      206.60      0.9272      252.86
  708       17.18       14.12      203.39      0.9139      252.84
  709       17.20       14.13      200.13      0.8973      251.20
  710       17.22       14.15      196.79      0.8775      249.46
  711       17.25       14.18      193.38      0.8540      249.57
  712       17.28       14.20      189.86      0.8266      251.87
  713       17.32       14.23      186.21      0.7948      254.37
  714       17.36       14.27      182.40      0.7583      254.26
  715       17.41       14.31      178.39      0.7161      250.18
  716       17.47       14.36      174.11      0.6672      242.78
  717       17.53       14.42      169.48      0.6101      232.78
  718       17.61       14.49      164.34      0.5422      218.57
  719       17.71       14.57      158.43      0.4586      196.38
  720       17.84       14.68      151.09      0.3483      163.60
  721       18.06       14.86      139.56      0.1641      122.41
  722       22.02       18.21      307.16      0.0285       99.18
  723       21.68       17.93      289.66      0.3064      141.13
  724       21.54       17.80      281.62      0.4262      179.75
  725       21.43       17.71      275.35      0.5139      208.74
  726       21.35       17.64      269.98      0.5842      226.77
  727       21.28       17.58      265.18      0.6427      236.59
  728       21.22       17.53      260.77      0.6925      241.85
  729       21.17       17.49      256.65      0.7354      244.95
  730       21.12       17.45      252.75      0.7724      246.70
  731       21.08       17.42      249.01      0.8044      247.21
  732       21.05       17.39      245.42      0.8320      246.66
  733       21.02       17.36      241.93      0.8556      245.56
  734       21.00       17.34      238.53      0.8756      244.56
  735       20.98       17.33      235.20      0.8920      244.23
  736       20.96       17.31      231.93      0.9053      244.80
  737       20.95       17.30      228.70      0.9154      246.09
  738       20.94       17.30      225.50      0.9225      247.44
  739       20.94       17.29      222.32      0.9267      248.18
  740       20.94       17.29      219.15      0.9280      248.27
  741       20.94       17.29      215.97      0.9264      248.35
  742       20.94       17.30      212.79      0.9220      248.98
  743       20.95       17.30      209.59      0.9145      249.75
  744       20.96       17.31      206.35      0.9041      249.48
  745       20.98       17.33      203.08      0.8905      247.40
  746       21.00       17.35      199.74      0.8737      244.22
  747       21.02       17.37      196.33      0.8535      242.08
  748       21.05       17.39      192.84      0.8295      242.99
  749       21.09       17.42      189.23      0.8014      246.91
  750       21.13       17.45      185.48      0.7689      251.26
  751       21.17       17.49      181.56      0.7314      252.76
  752       21.22       17.54      177.41      0.6879      249.97
  753       21.28       17.59      172.96      0.6373      243.51
  754       21.36       17.65      168.12      0.5777      233.59
  755       21.44       17.72      162.68      0.5061      217.76
  756       21.55       17.81      156.29      0.4160      191.99
  757       21.70       17.94      147.96      0.2912      154.86
  758       25.62       21.31      294.29      0.2265      133.56
  759       25.44       21.16      284.50      0.3718      172.72
  760       25.32       21.06      277.53      0.4689      202.84
  761       25.23       20.98      271.75      0.5444      222.22
  762       25.15       20.91      266.66      0.6062      233.05
  763       25.09       20.85      262.03      0.6583      238.79
  764       25.03       20.81      257.73      0.7029      242.04
  765       24.99       20.77      253.67      0.7412      243.98
  766       24.95       20.73      249.81      0.7742      244.88
  767       24.91       20.70      246.10      0.8026      244.91
  768       24.88       20.68      242.51      0.8268      244.47
  769       24.86       20.65      239.01      0.8472      244.03
  770       24.84       20.64      235.60      0.8641      243.82
  771       24.82       20.62      232.24      0.8776      243.90
  772       24.81       20.61      228.93      0.8880      244.25
  773       24.80       20.60      225.65      0.8953      244.90
  774       24.79       20.60      222.39      0.8996      245.87
  775       24.79       20.60      219.14      0.9009      247.06
  776       24.79       20.60      215.89      0.8993      248.17
  777       24.80       20.60      212.63      0.8947      248.71
  778       24.81       20.61      209.35      0.8871      248.02
  779       24.82       20.62      206.04      0.8764      245.58
  780       24.84       20.64      202.67      0.8626      241.44
  781       24.86       20.66      199.25      0.8453      236.81
  782       24.89       20.68      195.74      0.8246      233.90
  783       24.92       20.70      192.14      0.8000      234.50
  784       24.95       20.73      188.42      0.7711      238.26
  785       24.99       20.77      184.54      0.7376      242.52
  786       25.04       20.81      180.46      0.6987      244.33
  787       25.09       20.86      176.13      0.6535      242.43
  788       25.16       20.92      171.47      0.6005      236.80
  789       25.24       20.98      166.32      0.5375      226.47
  790       25.33       21.06      160.45      0.4604      208.25
  791       25.45       21.17      153.31      0.3602      178.82
  792       25.64       21.34      142.96      0.2057      138.86
  793       29.74       24.93      305.09      0.0557      117.88
  794       29.43       24.66      288.70      0.2984      156.44
  795       29.29       24.53      280.50      0.4121      188.69
  796       29.19       24.44      274.09      0.4954      211.74
  797       29.10       24.37      268.58      0.5620      226.13
  798       29.03       24.31      263.65      0.6173      234.31
  799       28.97       24.25      259.11      0.6641      238.79
  800       28.92       24.21      254.86      0.7041      241.20
  801       28.88       24.17      250.83      0.7384      242.47
  802       28.85       24.14      246.97      0.7678      243.20
  803       28.81       24.11      243.24      0.7929      243.81
  804       28.79       24.09      239.63      0.8139      244.36
  805       28.77       24.07      236.10      0.8313      244.57
  806       28.75       24.05      232.63      0.8452      244.36
  807       28.73       24.04      229.22      0.8558      244.20
  808       28.73       24.03      225.84      0.8633      244.80
  809       28.72       24.03      222.48      0.8677      246.33
  810       28.72       24.03      219.14      0.8690      248.08
  811       28.72       24.03      215.79      0.8674      248.96
  812       28.73       24.03      212.43      0.8627      248.38
  813       28.74       24.04      209.05      0.8549      246.33
  814       28.75       24.06      205.63      0.8439      243.08
  815       28.77       24.07      202.16      0.8297      238.96
  816       28.79       24.09      198.62      0.8120      234.91
  817       28.82       24.11      195.00      0.7905      232.42
  818       28.85       24.14      191.26      0.7651      232.54
  819       28.89       24.18      187.39      0.7352      234.72
  820       28.93       24.21      183.34      0.7004      236.98
  821       28.98       24.26      179.06      0.6597      237.34
  822       29.04       24.31      174.49      0.6122      234.67
  823       29.11       24.37      169.50      0.5559      228.07
  824       29.20       24.45      163.93      0.4880      215.35
  825       29.30       24.54      157.39      0.4025      193.08
  826       29.45       24.68      148.91      0.2841      159.37
  827       33.57       28.37      295.77      0.1859      128.52
  828       33.37       28.19      284.74      0.3381      163.71
  829       33.25       28.08      277.26      0.4348      192.05
  830       33.15       27.99      271.13      0.5085      211.88
  831       33.07       27.92      265.76      0.5683      224.09
  832       33.01       27.86      260.89      0.6182      230.96
  833       32.96       27.81      256.38      0.6605      234.86
  834       32.91       27.77      252.12      0.6966      237.55
  835       32.87       27.73      248.07      0.7273      239.97
  836       32.84       27.70      244.18      0.7534      242.28
  837       32.81       27.68      240.40      0.7752      244.07
  838       32.78       27.66      236.73      0.7932      244.87
  839       32.77       27.64      233.12      0.8076      244.88
  840       32.75       27.63      229.58      0.8186      245.02
  841       32.74       27.62      226.07      0.8263      246.11
  842       32.74       27.61      222.60      0.8309      247.92
  843       32.73       27.61      219.13      0.8323      249.25
  844       32.74       27.61      215.66      0.8305      249.08
  845       32.74       27.62      212.18      0.8257      247.47
  846       32.75       27.63      208.68      0.8177      245.24
  847       32.77       27.64      205.13      0.8063      242.96
  848       32.79       27.66      201.52      0.7916      240.68
  849       32.81       27.68      197.83      0.7732      238.47
  850       32.84       27.71      194.05      0.7509      236.81
  851       32.87       27.74      190.14      0.7244      236.14
  852       32.91       27.77      186.07      0.6932      236.21
  853       32.96       27.82      181.79      0.6566      235.96
  854       33.02       27.87      177.25      0.6136      234.06
  855       33.08       27.93      172.34      0.5628      229.07
  856       33.16       28.00      166.91      0.5018      218.84
  857       33.26       28.09      160.68      0.4264      200.26
  858       33.39       28.20      153.00      0.3265      170.73
  859       33.60       28.40      141.17      0.1622      131.38
  860       37.61       32.09      291.52      0.2320      132.97
  861       37.45       31.93      281.77      0.3570      164.70
  862       37.33       31.82      274.60      0.4428      189.45
  863       37.24       31.74      268.58      0.5095      206.60
  864       37.17       31.67      263.24      0.5639      217.84
  865       37.11       31.61      258.35      0.6094      225.59
  866       37.06       31.57      253.80      0.6478      231.57
  867       37.01       31.53      249.49      0.6803      236.49
  868       36.98       31.49      245.37      0.7077      240.37
  869       36.94       31.46      241.39      0.7307      242.99
  870       36.92       31.44      237.53      0.7495      244.26
  871       36.90       31.42      233.75      0.7645      244.61
  872       36.88       31.41      230.04      0.7760      244.86
  873       36.87       31.40      226.38      0.7840      245.64
  874       36.87       31.39      222.74      0.7887      246.71
  875       36.87       31.39      219.12      0.7902      247.27
  876       36.87       31.39      215.50      0.7884      246.77
  877       36.87       31.40      211.87      0.7833      245.54
  878       36.89       31.41      208.20      0.7750      244.29
  879       36.90       31.42      204.48      0.7632      243.33
  880       36.92       31.44      200.70      0.7478      242.35
  881       36.95       31.47      196.82      0.7286      240.99
  882       36.98       31.49      192.83      0.7052      239.29
  883       37.02       31.53      188.70      0.6773      237.54
  884       37.06       31.57      184.36      0.6443      235.72
  885       37.11       31.62      179.78      0.6052      233.17
  886       37.17       31.68      174.86      0.5589      228.46
  887       37.25       31.75      169.47      0.5034      219.23
  888       37.34       31.83      163.36      0.4352      202.18
  889       37.46       31.94      156.02      0.3469      174.54
  890       37.64       32.11      145.80      0.2149      136.93
  891       41.84       36.08      289.00      0.2476      133.63
  892       41.69       35.93      279.62      0.3590      161.87
  893       41.58       35.82      272.48      0.4375      185.07
  894       41.49       35.74      266.41      0.4990      203.15
  895       41.42       35.67      260.99      0.5492      216.78
  896       41.36       35.62      256.01      0.5909      226.72
  897       41.31       35.57      251.35      0.6258      233.80
  898       41.27       35.53      246.92      0.6551      238.89
  899       41.24       35.50      242.68      0.6795      242.47
  900       41.21       35.47      238.57      0.6994      244.49
  901       41.19       35.45      234.56      0.7152      244.84
  902       41.17       35.43      230.64      0.7273      244.07
  903       41.16       35.42      226.77      0.7357      243.19
  904       41.15       35.42      222.93      0.7407      242.87
  905       41.15       35.41      219.11      0.7422      242.95
  906       41.15       35.42      215.29      0.7403      242.88
  907       41.16       35.42      211.46      0.7350      242.45
  908       41.17       35.43      207.58      0.7262      241.86
  909       41.19       35.45      203.65      0.7138      241.29
  910       41.21       35.47      199.63      0.6976      240.58
  911       41.24       35.50      195.51      0.6772      239.35
  912       41.27       35.53      191.25      0.6524      237.33
  913       41.32       35.57      186.80      0.6226      234.49
  914       41.37       35.62      182.11      0.5870      230.76
  915       41.43       35.68      177.10      0.5446      225.38
  916       41.50       35.75      171.63      0.4934      216.26
  917       41.59       35.83      165.47      0.4306      199.94
  918       41.70       35.94      158.18      0.3497      173.36
  919       41.86       36.10      148.42      0.2329      136.86
  920       46.30       40.41      287.96      0.2397      132.52
  921       46.14       40.26      278.31      0.3449      162.01
  922       46.03       40.15      270.94      0.4191      187.02
  923       45.95       40.06      264.66      0.4768      205.78
  924       45.88       40.00      259.04      0.5236      218.52
  925       45.82       39.94      253.87      0.5621      227.19
  926       45.77       39.89      249.01      0.5941      233.92
  927       45.73       39.85      244.39      0.6204      239.41
  928       45.70       39.82      239.95      0.6418      242.87
  929       45.68       39.80      235.64      0.6588      243.53
  930       45.66       39.78      231.42      0.6716      242.06
  931       45.64       39.77      227.28      0.6806      240.20
  932       45.64       39.76      223.18      0.6859      239.22
  933       45.63       39.76      219.10      0.6875      239.09
  934       45.64       39.76      215.02      0.6855      239.00
  935       45.65       39.77      210.92      0.6799      238.47
  936       45.66       39.78      206.77      0.6705      237.77
  937       45.68       39.80      202.54      0.6573      237.38
  938       45.70       39.83      198.22      0.6399      237.18
  939       45.74       39.86      193.76      0.6180      236.36
  940       45.78       39.90      189.12      0.5911      234.06
  941       45.83       39.94      184.24      0.5586      229.88
  942       45.88       40.00      179.03      0.5193      223.54
  943       45.95       40.07      173.35      0.4716      213.61
  944       46.04       40.16      166.99      0.4125      197.02
  945       46.16       40.27      159.47      0.3362      170.71
  946       46.32       40.43      149.43      0.2259      134.98
  947       51.07       45.21      288.85      0.2069      131.60
  948       50.90       45.04      278.13      0.3138      159.62
  949       50.78       44.92      270.17      0.3863      181.29
  950       50.69       44.82      263.45      0.4419      196.98
  951       50.62       44.75      257.46      0.4862      209.19
  952       50.57       44.69      251.95      0.5222      219.99
  953       50.52       44.65      246.79      0.5514      229.29
  954       50.48       44.61      241.86      0.5750      235.59
  955       50.45       44.58      237.12      0.5936      238.10
  956       50.43       44.55      232.51      0.6076      237.83
  957       50.41       44.54      227.98      0.6173      236.68
  958       50.40       44.53      223.52      0.6230      235.91
  959       50.40       44.53      219.08      0.6248      235.57
  960       50.40       44.53      214.64      0.6226      235.10
  961       50.41       44.54      210.17      0.6165      234.36
  962       50.43       44.56      205.64      0.6064      233.89
  963       50.45       44.58      201.02      0.5919      234.11
  964       50.48       44.61      196.26      0.5729      234.44
  965       50.52       44.65      191.32      0.5488      233.44
  966       50.57       44.70      186.12      0.5189      229.72
  967       50.63       44.76      180.57      0.4822      222.48
  968       50.70       44.83      174.52      0.4369      210.73
  969       50.79       44.93      167.71      0.3800      192.42
  970       50.91       45.05      159.57      0.3051      165.46
  971       51.10       45.24      148.36      0.1923      130.54
  972       56.32       50.69      293.85      0.1341      117.31
  973       56.10       50.44      279.88      0.2605      140.70
  974       55.96       50.30      270.65      0.3361      161.71
  975       55.86       50.20      263.09      0.3916      181.38
  976       55.79       50.11      256.45      0.4347      199.65
  977       55.72       50.05      250.38      0.4688      214.88
  978       55.68       50.00      244.71      0.4958      225.25
  979       55.64       49.96      239.30      0.5168      230.28
  980       55.61       49.93      234.09      0.5326      231.26
  981       55.59       49.91      229.01      0.5435      230.38
  982       55.58       49.90      224.02      0.5498      229.50
  983       55.58       49.90      219.06      0.5518      229.37
  984       55.58       49.90      214.10      0.5494      229.78
  985       55.59       49.91      209.09      0.5426      230.31
  986       55.61       49.93      204.00      0.5312      230.83
  987       55.64       49.96      198.77      0.5150      231.06
  988       55.68       50.00      193.35      0.4934      229.93
  989       55.73       50.06      187.64      0.4657      225.66
  990       55.79       50.12      181.52      0.4308      216.52
  991       55.87       50.21      174.81      0.3867      201.24
  992       55.97       50.31      167.13      0.3296      179.04
  993       56.11       50.46      157.65      0.2511      149.95
  994       56.36       50.73      142.50      0.1129      115.89
  995       62.02       56.86      286.57      0.1669      121.33
  996       61.83       56.64      273.83      0.2596      147.68
  997       61.70       56.51      264.47      0.3198      172.70
  998       61.61       56.41      256.56      0.3640      193.60
  999       61.54       56.33      249.48      0.3976      208.16
 1000       61.49       56.27      242.91      0.4230      215.88
 1001       61.45       56.23      236.68      0.4417      218.25
 1002       61.42       56.20      230.68      0.4546      218.11
 1003       61.41       56.18      224.82      0.4620      218.20
 1004       61.40       56.18      219.01      0.4643      219.70
 1005       61.41       56.18      213.21      0.4615      221.97
 1006       61.42       56.20      207.33      0.4535      223.56
 1007       61.45       56.23      201.31      0.4401      223.23
 1008       61.49       56.28      195.06      0.4208      220.05
 1009       61.55       56.34      188.45      0.3946      212.81
 1010       61.62       56.41      181.30      0.3602      199.97
 1011       61.71       56.52      173.28      0.3147      180.27
 1012       61.84       56.66      163.72      0.2523      153.76
 1013       62.05       56.89      150.33      0.1537      122.39
 1014       69.06       64.81      287.87      0.1154      129.56
 1015       68.82       64.53      271.33      0.2071      151.88
 1016       68.67       64.37      259.98      0.2606      169.67
 1017       68.58       64.26      250.50      0.2972      181.90
 1018       68.51       64.18      241.99      0.3228      189.19
 1019       68.47       64.13      234.05      0.3398      193.54
 1020       68.44       64.10      226.42      0.3494      197.01
 1021       68.43       64.09      218.93      0.3524      200.23
 1022       68.44       64.10      211.44      0.3488      202.04
 1023       68.47       64.13      203.78      0.3384      200.51
 1024       68.52       64.19      195.80      0.3206      194.21
 1025       68.59       64.27      187.21      0.2941      182.57
 1026       68.69       64.38      177.60      0.2561      165.56
 1027       68.83       64.55      165.96      0.2003      143.44
 1028       69.10       64.86      148.24      0.1005      117.04
 1029       79.29       76.92      268.06      0.1065      135.88
 1030       79.08       76.66      248.48      0.1494      144.40
 1031       78.98       76.53      232.92      0.1698      150.07
 1032       78.95       76.50      218.60      0.1757      152.67
 1033       78.98       76.54      204.22      0.1685      150.83
 1034       79.09       76.67      188.43      0.1464      143.16
 1035       79.32       76.96      168.06      0.0999      129.54
