# VLA smeared map of saturn, K band, 1.15 - 1.67 cm, 18 - 26 GHz
#    LATG1     LATG2        TB       sTB        MU       sMU         N
     -90.0     -58.6      0.47      0.57      0.10     0.011         8
     -58.6     -53.4      1.83      1.39      0.16     0.033         8
     -53.4     -52.6      1.03      0.70      0.21     0.006        10
     -52.6     -49.4     -0.18      1.80      0.25     0.014         9
     -49.4     -48.6     -0.07      0.77      0.28     0.006        10
     -48.6     -46.6     -1.77      2.20      0.29     0.008         9
     -46.6     -45.6     -1.92      1.22      0.32     0.008         8
     -45.6     -45.2     -0.74      0.37      0.34     0.004        11
     -45.2     -43.4     -1.90      1.52      0.34     0.014        10
     -43.4     -42.6     -0.24      0.34      0.38     0.006         8
     -42.6     -42.2      0.07      0.10      0.39     0.002         9
     -42.2     -40.8      1.35      1.33      0.38     0.010         8
     -40.8     -40.0      2.87      0.41      0.41     0.006         8
     -40.0     -39.6      1.94      0.21      0.43     0.003        11
     -39.6     -38.4      3.03      0.93      0.42     0.010         8
     -38.4     -37.6      4.43      0.56      0.45     0.007         9
     -37.6     -37.2      2.62      0.54      0.47     0.010        13
     -37.2     -36.0      1.89      0.66      0.46     0.009         8
     -36.0     -35.4      1.50      1.65      0.48     0.018        10
     -35.4     -35.0      0.96      0.90      0.50     0.003         8
     -35.0     -34.6      0.00      0.97      0.49     0.016         9
     -34.6     -33.6     -1.23      0.76      0.49     0.013        10
     -33.6     -33.0     -1.16      0.80      0.52     0.005         8
     -33.0     -32.8     -1.90      0.44      0.54     0.002         8
     -32.8     -32.0     -2.17      0.87      0.52     0.014         9
     -32.0     -31.4     -2.51      0.54      0.54     0.007         8
     -31.4     -30.8     -2.29      0.73      0.55     0.013        12
     -30.8     -30.2     -2.47      0.88      0.56     0.014        11
     -30.2     -29.4     -1.45      0.93      0.56     0.011         9
     -29.4     -29.0     -1.49      0.57      0.58     0.012         9
     -29.0     -28.8     -1.36      0.70      0.58     0.016         8
     -28.8     -28.4     -1.46      0.74      0.58     0.023         8
     -28.4     -27.6     -0.58      0.74      0.59     0.009        10
     -27.6     -27.2     -0.54      0.78      0.60     0.015         8
     -27.2     -26.8     -0.63      0.46      0.62     0.003        13
     -26.8     -26.0     -0.13      0.64      0.59     0.026         9
     -26.0     -25.4     -0.86      0.92      0.61     0.026        11
     -25.4     -25.0     -0.69      0.76      0.63     0.017        16
     -25.0     -24.4     -1.31      0.60      0.63     0.020         8
     -24.4     -23.6     -1.23      1.14      0.65     0.007        10
     -23.6     -23.2     -1.32      0.84      0.66     0.016        19
     -23.2     -22.6     -1.24      0.91      0.63     0.021         9
     -22.6     -22.0     -1.74      0.96      0.65     0.021        12
     -22.0     -21.6     -1.21      1.08      0.68     0.017        10
     -21.6     -21.4     -2.29      1.10      0.69     0.011        10
     -21.4     -20.6     -1.65      0.84      0.67     0.007         8
     -20.6     -20.2     -2.13      0.73      0.68     0.018        10
     -20.2     -19.8     -1.16      0.86      0.70     0.014        14
     -19.8     -19.4     -3.11      1.22      0.70     0.017         9
     -19.4     -19.0     -1.69      0.50      0.67     0.032         8
     -19.0     -18.6     -2.58      0.42      0.67     0.045         8
     -18.6     -18.2     -1.47      0.84      0.71     0.019        14
     -18.2     -17.8     -3.02      1.21      0.72     0.016        11
     -17.8     -17.4     -2.36      0.65      0.70     0.018         8
     -17.4     -17.0     -2.61      0.63      0.72     0.016         8
     -17.0     -16.6     -1.89      0.49      0.74     0.004        10
     -16.6     -16.4     -2.65      1.14      0.75     0.014        11
     -16.4     -15.8     -2.13      0.63      0.71     0.026         9
     -15.8     -15.4     -2.89      0.63      0.73     0.027         9
     -15.4     -15.0     -2.33      0.55      0.75     0.017        16
     -15.0     -14.8     -2.65      0.62      0.77     0.012         8
     -14.8     -14.4     -2.65      0.96      0.73     0.020         8
     -14.4     -13.8     -2.67      0.74      0.76     0.007        10
     -13.8     -13.4     -2.45      0.56      0.77     0.018        16
     -13.4     -13.0     -2.49      0.74      0.77     0.017         9
     -13.0     -12.4     -2.46      0.81      0.77     0.006         8
     -12.4     -12.0     -2.27      0.57      0.78     0.015        12
     -12.0     -11.8     -2.33      0.44      0.80     0.015        13
     -11.8     -11.4     -2.02      0.90      0.76     0.018         8
     -11.4     -11.0     -1.93      0.69      0.77     0.020         8
     -11.0     -10.6     -1.61      0.40      0.80     0.014        10
     -10.6     -10.4     -1.01      0.12      0.81     0.002         8
     -10.4     -10.2     -1.52      0.50      0.81     0.012         8
     -10.2      -9.8     -0.68      0.59      0.77     0.019         8
      -9.8      -9.4     -0.27      0.39      0.80     0.017         8
      -9.4      -9.0      0.10      0.39      0.80     0.028        16
      -9.0      -8.8      0.13      0.31      0.83     0.002        11
      -8.8      -8.2      1.02      0.46      0.79     0.018        12
      -8.2      -7.8      1.55      0.28      0.80     0.036        12
      -7.8      -7.4      1.76      0.31      0.82     0.027        18
      -7.4      -7.0      1.63      0.24      0.82     0.036         9
      -7.0      -6.4      2.45      0.37      0.82     0.019        16
      -6.4      -6.0      2.66      0.20      0.84     0.017        16
      -6.0      -5.8      2.49      0.16      0.85     0.015         9
      -5.8      -5.4      2.75      0.33      0.82     0.020        10
      -5.4      -5.0      2.87      0.22      0.84     0.015         8
      -5.0      -4.6      2.79      0.21      0.85     0.017        14
      -4.6      -4.4      2.64      0.21      0.87     0.013        11
      -4.4      -4.0      2.81      0.39      0.83     0.019         8
      -4.0      -3.6      2.76      0.36      0.84     0.027        14
      -3.6      -3.2      2.65      0.30      0.87     0.017        14
      -3.2      -3.0      2.42      0.19      0.87     0.023        11
      -3.0      -2.4      2.69      0.51      0.85     0.020        14
      -2.4      -2.2      2.49      0.53      0.85     0.032         8
      -2.2      -1.8      2.46      0.32      0.88     0.017        16
      -1.8      -1.6      2.37      0.26      0.89     0.015         9
      -1.6      -1.0      2.37      0.48      0.86     0.020        14
      -1.0      -0.8      2.23      0.54      0.86     0.032         8
      -0.8      -0.4      2.25      0.30      0.89     0.017        16
      -0.4      -0.2      2.16      0.21      0.90     0.015         9
      -0.2       0.4      2.12      0.38      0.87     0.020        14
       0.4       0.6      2.13      0.49      0.87     0.032         8
       0.6       0.8      2.31      0.30      0.89     0.026         8
       0.8       1.0      2.10      0.21      0.90     0.023        13
       1.0       1.4      2.14      0.23      0.90     0.015         9
       1.4       1.8      2.61      0.57      0.87     0.029        12
       1.8       2.2      2.44      0.34      0.89     0.029        16
       2.2       2.4      2.55      0.17      0.92     0.015        13
       2.4       3.0      3.08      0.41      0.89     0.018        16
       3.0       3.4      3.48      0.51      0.89     0.031        16
       3.4       3.6      3.38      0.26      0.92     0.015        10
       3.6       3.8      3.60      0.15      0.93     0.015         9
       3.8       4.2      4.03      0.26      0.89     0.025        11
       4.2       4.6      4.23      0.28      0.90     0.025        12
       4.6       5.0      4.27      0.23      0.93     0.021        23
       5.0       5.4      4.38      0.09      0.90     0.017         8
       5.4       5.8      4.48      0.22      0.90     0.031        10
       5.8       6.2      4.32      0.19      0.93     0.019        18
       6.2       6.4      4.37      0.25      0.94     0.023        11
       6.4       6.8      4.21      0.20      0.90     0.029        12
       6.8       7.2      4.05      0.18      0.92     0.019        11
       7.2       7.4      3.71      0.13      0.93     0.027         8
       7.4       7.6      3.75      0.29      0.94     0.022        16
       7.6       8.2      3.60      0.21      0.92     0.019        16
       8.2       8.4      3.37      0.17      0.92     0.032         8
       8.4       8.8      3.06      0.28      0.94     0.027        18
       8.8       9.0      3.15      0.21      0.96     0.012         8
       9.0       9.4      3.03      0.24      0.91     0.028        12
       9.4       9.8      2.80      0.26      0.94     0.019        12
       9.8      10.0      2.52      0.28      0.92     0.054        10
      10.0      10.2      2.54      0.29      0.95     0.034        15
      10.2      10.6      2.45      0.23      0.92     0.025        11
      10.6      11.0      2.25      0.25      0.93     0.028        12
      11.0      11.2      2.04      0.26      0.95     0.017         8
      11.2      11.4      1.90      0.19      0.96     0.026        17
      11.4      11.8      1.92      0.22      0.92     0.029        12
      11.8      12.2      1.65      0.25      0.95     0.015        10
      12.2      12.6      1.44      0.21      0.95     0.031        20
      12.6      12.8      1.31      0.19      0.96     0.028        11
      12.8      13.2      1.36      0.20      0.94     0.016         8
      13.2      13.4      1.15      0.15      0.93     0.031         8
      13.4      13.8      1.11      0.22      0.96     0.019        18
      13.8      14.0      0.89      0.23      0.97     0.014        11
      14.0      14.4      0.98      0.22      0.94     0.020        10
      14.4      14.8      0.82      0.11      0.96     0.019        12
      14.8      15.0      0.86      0.18      0.96     0.019        10
      15.0      15.2      0.67      0.23      0.97     0.027        15
      15.2      15.6      0.67      0.25      0.94     0.025        11
      15.6      16.0      0.58      0.19      0.95     0.028        14
      16.0      16.2      0.61      0.12      0.97     0.018         8
      16.2      16.4      0.57      0.20      0.98     0.017        15
      16.4      16.8      0.34      0.21      0.93     0.033        14
      16.8      17.2      0.41      0.24      0.96     0.024        13
      17.2      17.6      0.37      0.18      0.98     0.022        24
      17.6      18.0      0.19      0.12      0.94     0.032        10
      18.0      18.4      0.17      0.22      0.95     0.027        13
      18.4      18.8      0.23      0.14      0.97     0.035        24
      18.8      19.2     -0.07      0.16      0.95     0.020        10
      19.2      19.6     -0.10      0.21      0.95     0.031        14
      19.6      19.8      0.12      0.14      0.98     0.017         8
      19.8      20.0     -0.02      0.25      0.97     0.044        18
      20.0      20.4     -0.27      0.19      0.94     0.029        12
      20.4      20.8     -0.24      0.23      0.95     0.032        16
      20.8      21.2     -0.02      0.17      0.98     0.018        23
      21.2      21.6     -0.36      0.26      0.95     0.021        10
      21.6      22.0     -0.26      0.23      0.97     0.020        12
      22.0      22.2     -0.15      0.31      0.97     0.028        12
      22.2      22.4     -0.06      0.33      0.97     0.046        16
      22.4      22.8     -0.19      0.38      0.94     0.039        10
      22.8      23.2     -0.15      0.38      0.95     0.031        18
      23.2      23.6      0.09      0.37      0.97     0.037        27
      23.6      24.0     -0.16      0.45      0.94     0.030        13
      24.0      24.4     -0.01      0.34      0.97     0.017        12
      24.4      24.6      0.18      0.32      0.98     0.016         8
      24.6      24.8      0.36      0.28      0.99     0.014        13
      24.8      25.2     -0.09      0.41      0.96     0.018        10
      25.2      25.6      0.02      0.32      0.96     0.034        16
      25.6      25.8      0.30      0.27      0.99     0.016         9
      25.8      26.0      0.30      0.38      0.98     0.027        15
      26.0      26.4     -0.06      0.31      0.94     0.033        14
      26.4      26.6      0.09      0.26      0.95     0.039         8
      26.6      27.0      0.33      0.29      0.98     0.018        16
      27.0      27.2      0.41      0.35      0.98     0.028        13
      27.2      27.6      0.12      0.29      0.93     0.052        10
      27.6      27.8      0.36      0.29      0.95     0.040         8
      27.8      28.2      0.57      0.36      0.97     0.029        24
      28.2      28.6      0.79      0.35      0.97     0.026        15
      28.6      29.0      0.89      0.43      0.95     0.035        13
      29.0      29.2      1.12      0.45      0.96     0.039         9
      29.2      29.4      1.04      0.40      0.99     0.013        15
      29.4      29.8      1.43      0.53      0.95     0.018        10
      29.8      30.2      1.58      0.52      0.97     0.018        12
      30.2      30.4      1.51      0.53      0.98     0.017         8
      30.4      30.6      1.38      0.48      0.98     0.034        14
      30.6      31.0      1.87      0.53      0.94     0.028        12
      31.0      31.4      1.92      0.45      0.95     0.032        17
      31.4      31.6      1.73      0.47      0.97     0.019        10
      31.6      31.8      1.49      0.45      0.98     0.027        13
      31.8      32.2      1.87      0.44      0.94     0.030        10
      32.2      32.6      1.96      0.27      0.96     0.027        14
      32.6      32.8      1.64      0.27      0.97     0.029        12
      32.8      33.0      1.55      0.35      0.97     0.028        11
      33.0      33.4      1.87      0.25      0.94     0.032        16
      33.4      33.8      1.76      0.19      0.96     0.018        12
      33.8      34.0      1.40      0.09      0.98     0.010        14
      34.0      34.4      1.75      0.12      0.94     0.019        10
      34.4      34.8      1.65      0.16      0.95     0.027        14
      34.8      35.0      1.49      0.12      0.95     0.028        12
      35.0      35.2      1.32      0.10      0.97     0.021        14
      35.2      35.6      1.48      0.13      0.93     0.027        12
      35.6      36.0      1.39      0.16      0.94     0.028        14
      36.0      36.2      1.29      0.08      0.97     0.016         9
      36.2      36.4      1.21      0.13      0.96     0.028        12
      36.4      36.8      1.26      0.17      0.94     0.018        10
      36.8      37.0      1.19      0.21      0.93     0.031         8
      37.0      37.2      1.12      0.19      0.95     0.025         9
      37.2      37.4      1.21      0.07      0.96     0.022        13
      37.4      37.6      0.77      0.54      0.91     0.064         9
      37.6      38.0      0.95      0.33      0.91     0.035        15
      38.0      38.4      0.91      0.17      0.95     0.016        14
      38.4      38.6      1.04      0.29      0.95     0.027        15
      38.6      39.0      0.62      0.36      0.92     0.028        12
      39.0      39.4      0.67      0.22      0.93     0.035        14
      39.4      39.8      0.60      0.33      0.94     0.035        27
      39.8      40.2      0.45      0.28      0.91     0.040        10
      40.2      40.6      0.23      0.18      0.93     0.026        16
      40.6      40.8      0.36      0.23      0.94     0.029        12
      40.8      41.2      0.36      0.24      0.94     0.023        13
      41.2      41.6      0.37      0.20      0.91     0.031        14
      41.6      41.8      0.49      0.18      0.92     0.040         8
      41.8      42.0      0.80      0.22      0.94     0.021        14
      42.0      42.4      0.87      0.27      0.90     0.028        10
      42.4      42.8      1.15      0.28      0.92     0.019        12
      42.8      43.0      1.61      0.33      0.92     0.028        12
      43.0      43.2      1.98      0.28      0.93     0.027        13
      43.2      43.6      2.19      0.47      0.91     0.018        10
      43.6      43.8      2.51      0.50      0.90     0.031         8
      43.8      44.0      2.70      0.57      0.91     0.030         8
      44.0      44.2      2.98      0.54      0.91     0.041        14
      44.2      44.6      3.15      0.55      0.91     0.034        15
      44.6      45.0      3.15      0.50      0.90     0.019        10
      45.0      45.2      3.16      0.54      0.91     0.030        10
      45.2      45.4      3.31      0.46      0.91     0.032        17
      45.4      45.8      2.59      0.30      0.86     0.051         9
      45.8      46.0      3.06      0.66      0.87     0.050         9
      46.0      46.4      2.25      0.15      0.91     0.017        14
      46.4      46.6      2.06      0.10      0.91     0.026        13
      46.6      47.0      1.55      0.21      0.89     0.016         8
      47.0      47.2      1.25      0.26      0.88     0.030         8
      47.2      47.6      0.86      0.22      0.90     0.018        14
      47.6      47.8      0.66      0.20      0.91     0.017        11
      47.8      48.2      0.31      0.35      0.88     0.018         9
      48.2      48.6      0.17      0.34      0.88     0.030        17
      48.6      48.8      0.12      0.08      0.91     0.011        11
      48.8      49.4      0.12      0.36      0.86     0.031        17
      49.4      49.8      0.15      0.17      0.88     0.026        16
      49.8      50.0      0.44      0.30      0.86     0.081        12
      50.0      50.2      0.43      0.28      0.84     0.038         8
      50.2      50.6      0.43      0.17      0.86     0.024        11
      50.6      51.0      0.68      0.16      0.86     0.035        17
      51.0      51.2      0.73      0.16      0.88     0.030        12
      51.2      51.6      0.82      0.20      0.85     0.019         8
      51.6      52.0      0.87      0.15      0.86     0.017        12
      52.0      52.2      1.00      0.21      0.86     0.029        10
      52.2      52.4      0.92      0.19      0.87     0.027        11
      52.4      52.8      0.97      0.17      0.85     0.016         8
      52.8      53.2      0.96      0.17      0.85     0.018        12
      53.2      53.4      0.92      0.21      0.87     0.015        10
      53.4      53.6      0.90      0.14      0.85     0.023         8
      53.6      54.0      1.04      0.26      0.81     0.030        12
      54.0      54.4      0.95      0.26      0.83     0.037        16
      54.4      54.6      0.70      0.19      0.86     0.001        11
      54.6      55.2      0.79      0.09      0.80     0.049        15
      55.2      55.6      0.89      0.34      0.82     0.044        15
      55.6      55.8      0.57      0.21      0.85     0.014        11
      55.8      56.2      0.82      0.21      0.81     0.017         8
      56.2      56.6      0.60      0.15      0.83     0.003         8
      56.6      56.8      0.64      0.31      0.81     0.030         8
      56.8      57.0      0.35      0.22      0.84     0.014        11
      57.0      57.4      0.68      0.29      0.79     0.027        12
      57.4      57.8      0.57      0.18      0.81     0.018        10
      57.8      58.2      0.46      0.36      0.79     0.065        20
      58.2      58.6      0.76      0.18      0.76     0.054         8
      58.6      59.0      0.75      0.22      0.78     0.029        13
      59.0      59.4      0.59      0.31      0.80     0.024        19
      59.4      59.8      0.97      0.30      0.77     0.018         8
      59.8      60.2      1.06      0.22      0.79     0.015         8
      60.2      60.6      0.81      0.17      0.80     0.020        16
      60.6      61.0      1.40      0.43      0.75     0.027        10
      61.0      61.4      1.32      0.28      0.75     0.049        11
      61.4      61.6      1.55      0.45      0.73     0.064         9
      61.6      61.8      0.98      0.29      0.79     0.014        11
      61.8      62.2      1.63      0.40      0.72     0.041        10
      62.2      62.6      1.50      0.41      0.74     0.032        12
      62.6      63.0      1.06      0.41      0.77     0.024        19
      63.0      63.6      1.40      0.23      0.74     0.017        10
      63.6      64.0      1.70      0.72      0.62     0.159        11
      64.0      64.2      1.07      0.45      0.73     0.047         8
      64.2      64.4      0.87      0.48      0.74     0.035         9
      64.4      65.0      1.21      0.23      0.72     0.026        13
      65.0      65.4      1.68      0.87      0.62     0.142        11
      65.4      65.8      0.70      0.30      0.74     0.016        11
      65.8      66.2      1.34      0.30      0.70     0.027        10
      66.2      66.6      1.07      0.26      0.73     0.015         8
      66.6      66.8      0.64      0.17      0.74     0.001         9
      66.8      67.4      1.43      0.35      0.69     0.025        12
      67.4      67.8      1.81      0.45      0.62     0.088        10
      67.8      68.2      1.39      0.65      0.66     0.084        11
      68.2      68.8      1.36      0.31      0.68     0.029        10
      68.8      69.2      1.26      0.31      0.68     0.027        10
      69.2      69.4      0.79      0.23      0.70     0.014        10
      69.4      70.0      1.59      0.47      0.56     0.102        10
      70.0      70.4      1.08      0.16      0.67     0.018         8
      70.4      70.6      1.09      0.29      0.62     0.080         8
      70.6      71.0      0.83      0.10      0.67     0.041        11
      71.0      71.4      1.44      0.65      0.52     0.114         9
      71.4      71.8      1.00      0.22      0.62     0.070         8
      71.8      72.0      0.95      0.14      0.62     0.065         8
      72.0      72.4      1.14      0.40      0.60     0.105         9
      72.4      73.0      1.14      0.34      0.63     0.018        10
      73.0      73.4      1.20      0.21      0.65     0.016         8
      73.4      74.0      1.05      0.32      0.56     0.103         8
      74.0      74.6      1.07      0.34      0.58     0.066        12
      74.6      75.0      1.32      0.27      0.63     0.014        11
      75.0      75.6      0.93      0.50      0.54     0.064         8
      75.6      76.2      1.20      0.46      0.56     0.073        10
      76.2      76.6      1.18      0.47      0.59     0.048        11
      76.6      77.4      1.39      0.80      0.55     0.048        11
      77.4      78.0      1.60      0.61      0.57     0.046        13
      78.0      79.0      1.36      0.55      0.51     0.055        10
      79.0      79.6      2.00      0.58      0.56     0.022        12
      79.6      80.6      1.31      0.20      0.50     0.050         8
      80.6      81.2      1.87      0.57      0.53     0.036        10
      81.2      82.4      1.18      0.47      0.49     0.029         8
      82.4      83.2      1.27      0.53      0.50     0.035         9
      83.2      84.6      0.90      0.40      0.48     0.029         9
      84.6      86.6      0.90      0.32      0.47     0.019         9
