# VLA smeared map of saturn, X band, 2.5 - 3.76 cm, 8 - 12 GHz
#    LATG1     LATG2        TB       sTB        MU       sMU         N
     -90.0     -63.2      0.53      0.11      0.04     0.007         9
     -63.2     -59.4      0.80      0.08      0.12     0.003         4
     -59.4     -59.0      0.84      0.09      0.13     0.002         4
     -59.0     -58.8      0.89      0.16      0.14     0.001         4
     -58.8     -58.6      0.79      0.07      0.14     0.001         7
     -58.6     -57.0      1.59      0.28      0.16     0.004         4
     -57.0     -56.4      1.67      0.02      0.17     0.003         4
     -56.4     -56.0      1.60      0.10      0.18     0.002         4
     -56.0     -55.6      1.52      0.28      0.19     0.003         8
     -55.6     -55.4      1.42      0.29      0.20     0.001         6
     -55.4     -54.6      1.83      0.55      0.20     0.004         5
     -54.6     -53.8      2.72      0.22      0.21     0.006         8
     -53.8     -53.4      2.39      0.11      0.22     0.003         6
     -53.4     -53.0      2.45      0.44      0.24     0.003         8
     -53.0     -52.8      2.11      0.40      0.24     0.001         9
     -52.8     -52.4      3.34      0.35      0.23     0.003         4
     -52.4     -52.0      3.09      0.04      0.24     0.003         4
     -52.0     -51.4      3.26      0.12      0.25     0.004         6
     -51.4     -51.2      2.63      0.12      0.26     0.002         4
     -51.2     -51.0      2.74      0.29      0.27     0.001         4
     -51.0     -50.8      2.72      0.52      0.27     0.002         6
     -50.8     -50.6      2.29      0.46      0.28     0.001         9
     -50.6     -49.8      2.52      0.59      0.27     0.006         8
     -49.8     -49.4      2.23      0.24      0.29     0.003         6
     -49.4     -49.2      1.93      0.23      0.30     0.002         4
     -49.2     -49.0      2.19      1.16      0.29     0.011         6
     -49.0     -48.8      1.72      0.44      0.31     0.001         6
     -48.8     -48.6      1.39      0.44      0.31     0.001         9
     -48.6     -48.0      0.69      0.63      0.30     0.005         8
     -48.0     -47.6      0.25      0.24      0.32     0.003         6
     -47.6     -47.2      0.74      0.96      0.32     0.011        12
     -47.2     -47.0      0.08      0.58      0.33     0.009        10
     -47.0     -46.8     -0.36      0.28      0.34     0.000         7
     -46.8     -46.2     -0.80      0.36      0.33     0.005         8
     -46.2     -46.0      0.39      1.62      0.33     0.012         4
     -46.0     -45.8     -0.11      1.29      0.34     0.010         6
     -45.8     -45.6     -0.66      0.24      0.36     0.002         6
     -45.6     -45.4     -0.52      0.73      0.36     0.010         8
     -45.4     -45.2     -1.06      0.63      0.36     0.008        13
     -45.2     -44.8     -0.10      0.82      0.35     0.004         6
     -44.8     -44.6     -0.57      0.85      0.37     0.002         4
     -44.6     -44.2      0.80      1.36      0.37     0.011        10
     -44.2     -44.0      0.06      0.28      0.38     0.002         6
     -44.0     -43.8      0.49      0.94      0.38     0.009        10
     -43.8     -43.6     -0.15      0.23      0.39     0.001         9
     -43.6     -43.2      2.13      1.35      0.38     0.002         4
     -43.2     -43.0      2.24      1.15      0.39     0.002         4
     -43.0     -42.8      2.80      0.75      0.39     0.011         6
     -42.8     -42.6      2.76      0.55      0.40     0.010         8
     -42.6     -42.4      3.58      1.21      0.40     0.016        12
     -42.4     -42.2      3.14      0.75      0.41     0.007        15
     -42.2     -41.8      4.84      0.96      0.40     0.003         6
     -41.8     -41.6      5.14      0.67      0.41     0.010         6
     -41.6     -41.4      4.86      0.75      0.41     0.010         6
     -41.4     -41.2      4.56      0.75      0.42     0.010         6
     -41.2     -41.0      4.95      0.69      0.43     0.010         8
     -41.0     -40.8      5.44      0.50      0.43     0.009        19
     -40.8     -40.4      5.91      0.19      0.43     0.003         6
     -40.4     -40.2      5.25      1.03      0.42     0.012         8
     -40.2     -40.0      4.91      1.35      0.44     0.010         6
     -40.0     -39.8      5.41      0.68      0.45     0.002         6
     -39.8     -39.6      5.00      1.37      0.45     0.010         8
     -39.6     -39.4      5.36      1.18      0.45     0.009        17
     -39.4     -39.2      3.54      1.10      0.43     0.012         4
     -39.2     -39.0      4.33      1.03      0.45     0.002         4
     -39.0     -38.8      4.05      0.59      0.46     0.002         4
     -38.8     -38.6      3.10      1.41      0.46     0.009         8
     -38.6     -38.4      2.55      1.70      0.46     0.017        10
     -38.4     -38.2      3.52      1.35      0.47     0.010        16
     -38.2     -38.0      3.78      1.57      0.48     0.009         7
     -38.0     -37.8      1.79      1.57      0.46     0.009         6
     -37.8     -37.6      1.60      1.74      0.46     0.018         8
     -37.6     -37.4      1.29      1.57      0.47     0.018        10
     -37.4     -37.2      1.59      1.44      0.49     0.002         6
     -37.2     -37.0      2.47      0.89      0.49     0.009        12
     -37.0     -36.8      2.32      0.99      0.49     0.016        15
     -36.8     -36.6      1.21      1.05      0.49     0.002         4
     -36.6     -36.4      0.92      0.76      0.49     0.002         4
     -36.4     -36.2      0.71      0.34      0.50     0.001         4
     -36.2     -36.0      2.33      2.21      0.50     0.010         8
     -36.0     -35.8      3.12      1.56      0.51     0.011        14
     -35.8     -35.6      3.07      0.51      0.51     0.009        15
     -35.6     -35.4      3.00      0.17      0.50     0.011         6
     -35.4     -35.2      2.76      0.43      0.51     0.002         4
     -35.2     -35.0      4.44      1.89      0.51     0.012         8
     -35.0     -34.8      4.65      2.11      0.52     0.010         8
     -34.8     -34.6      4.82      2.26      0.52     0.010        14
     -34.6     -34.4      4.08      1.54      0.53     0.009        15
     -34.4     -34.2      5.19      0.91      0.51     0.011         6
     -34.2     -34.0      5.71      0.66      0.52     0.011         8
     -34.0     -33.8      6.11      1.59      0.53     0.009         8
     -33.8     -33.6      6.16      1.95      0.53     0.011        10
     -33.6     -33.4      4.61      1.89      0.54     0.015        16
     -33.4     -33.2      4.33      2.31      0.55     0.010        11
     -33.2     -33.0      5.80      1.35      0.53     0.011         6
     -33.0     -32.8      5.26      2.07      0.53     0.019        14
     -32.8     -32.6      5.34      1.52      0.55     0.010         8
     -32.6     -32.4      4.31      1.36      0.56     0.009        10
     -32.4     -32.2      2.76      1.66      0.56     0.015        21
     -32.2     -32.0      4.78      1.40      0.55     0.002         4
     -32.0     -31.8      5.55      0.44      0.56     0.002         4
     -31.8     -31.6      4.13      1.58      0.56     0.010         8
     -31.6     -31.4      2.27      1.02      0.56     0.011        10
     -31.4     -31.2      1.29      1.02      0.57     0.016        18
     -31.2     -31.0      0.60      0.97      0.57     0.017        17
     -31.0     -30.8      1.55      1.03      0.56     0.010         6
     -30.8     -30.6      0.94      1.19      0.57     0.011        10
     -30.6     -30.4     -0.15      1.04      0.57     0.019        10
     -30.4     -30.2     -0.70      0.89      0.58     0.019        16
     -30.2     -30.0     -1.04      0.45      0.59     0.014        21
     -30.0     -29.8     -0.52      0.14      0.58     0.002         4
     -29.8     -29.6     -1.41      0.54      0.58     0.012        10
     -29.6     -29.4     -1.88      0.69      0.59     0.011        10
     -29.4     -29.2     -1.82      0.42      0.60     0.009        10
     -29.2     -29.0     -2.11      0.42      0.60     0.015        23
     -29.0     -28.8     -2.25      0.04      0.60     0.002         4
     -28.8     -28.6     -2.75      0.28      0.60     0.010         8
     -28.6     -28.4     -3.10      0.41      0.60     0.012        10
     -28.4     -28.2     -3.04      0.65      0.60     0.019        16
     -28.2     -28.0     -2.85      0.53      0.62     0.015        20
     -28.0     -27.8     -2.95      0.69      0.60     0.022        15
     -27.8     -27.6     -3.14      0.52      0.60     0.018         8
     -27.6     -27.4     -3.66      0.40      0.61     0.011        10
     -27.4     -27.2     -3.50      0.42      0.62     0.010        12
     -27.2     -27.0     -3.25      0.77      0.62     0.023        24
     -27.0     -26.8     -3.25      0.58      0.63     0.015        13
     -26.8     -26.6     -2.96      0.85      0.62     0.012         8
     -26.6     -26.4     -3.52      0.76      0.63     0.010        10
     -26.4     -26.2     -3.22      0.55      0.63     0.018        12
     -26.2     -26.0     -3.12      0.54      0.64     0.018        22
     -26.0     -25.8     -2.82      0.54      0.64     0.015        15
     -25.8     -25.6     -2.38      0.90      0.63     0.012         8
     -25.6     -25.4     -2.70      0.94      0.64     0.010        10
     -25.4     -25.2     -2.21      0.53      0.65     0.017        12
     -25.2     -25.0     -2.09      0.52      0.65     0.017        26
     -25.0     -24.8     -1.58      0.88      0.65     0.023        13
     -24.8     -24.6     -1.42      0.83      0.64     0.011         8
     -24.6     -24.4     -1.26      0.81      0.65     0.016        14
     -24.4     -24.2     -0.97      0.50      0.66     0.017        14
     -24.2     -24.0     -1.00      0.46      0.67     0.017        27
     -24.0     -23.8     -0.82      0.12      0.66     0.002         4
     -23.8     -23.6     -0.66      0.59      0.66     0.012        10
     -23.6     -23.4     -0.33      0.44      0.67     0.011        10
     -23.4     -23.2     -0.36      0.37      0.66     0.024        20
     -23.2     -23.0     -0.42      0.30      0.68     0.014        23
     -23.0     -22.8     -0.53      0.48      0.67     0.011        10
     -22.8     -22.6     -0.59      0.56      0.67     0.017        12
     -22.6     -22.4     -0.57      0.39      0.68     0.019        10
     -22.4     -22.2     -0.82      0.22      0.69     0.011        18
     -22.2     -22.0     -0.78      0.37      0.69     0.017        21
     -22.0     -21.8     -1.56      0.74      0.68     0.018        10
     -21.8     -21.6     -1.62      0.80      0.69     0.012        10
     -21.6     -21.4     -1.80      0.41      0.69     0.019        16
     -21.4     -21.2     -1.89      0.44      0.70     0.026        26
     -21.2     -21.0     -1.94      0.48      0.69     0.021        17
     -21.0     -20.8     -2.55      0.85      0.69     0.018        12
     -20.8     -20.6     -2.65      0.94      0.70     0.016        12
     -20.6     -20.4     -3.01      0.42      0.71     0.010        14
     -20.4     -20.2     -2.47      0.55      0.72     0.017        25
     -20.2     -20.0     -2.37      0.62      0.69     0.019        14
     -20.0     -19.8     -2.43      1.05      0.70     0.024        14
     -19.8     -19.6     -2.77      1.06      0.71     0.017        14
     -19.6     -19.4     -2.39      0.98      0.72     0.024        24
     -19.4     -19.2     -2.13      0.77      0.72     0.017        17
     -19.2     -19.0     -1.94      0.65      0.72     0.010        10
     -19.0     -18.8     -1.83      1.01      0.72     0.018        16
     -18.8     -18.6     -1.80      1.12      0.72     0.023        18
     -18.6     -18.4     -1.55      0.90      0.73     0.022        27
     -18.4     -18.2     -0.95      0.57      0.72     0.011        10
     -18.2     -18.0     -1.24      0.87      0.71     0.024        16
     -18.0     -17.8     -1.56      1.10      0.74     0.010        12
     -17.8     -17.6     -1.50      0.98      0.74     0.018        24
     -17.6     -17.4     -0.89      0.81      0.73     0.024        21
     -17.4     -17.2     -1.14      0.84      0.72     0.025        14
     -17.2     -17.0     -1.97      1.64      0.75     0.011        12
     -17.0     -16.8     -1.86      1.16      0.75     0.016        16
     -16.8     -16.6     -1.75      1.17      0.75     0.021        27
     -16.6     -16.4     -1.06      0.72      0.73     0.018        12
     -16.4     -16.2     -1.89      1.39      0.75     0.016        14
     -16.2     -16.0     -2.37      1.79      0.75     0.019        18
     -16.0     -15.8     -2.69      1.33      0.77     0.014        27
     -15.8     -15.6     -0.98      0.72      0.74     0.017        10
     -15.6     -15.4     -1.07      0.76      0.76     0.011        12
     -15.4     -15.2     -1.43      1.94      0.75     0.024        18
     -15.2     -15.0     -2.28      1.66      0.77     0.022        28
     -15.0     -14.8     -1.09      1.09      0.77     0.022        19
     -14.8     -14.6      0.40      0.80      0.75     0.024        16
     -14.6     -14.4      0.14      1.39      0.77     0.019        16
     -14.4     -14.2     -0.70      1.96      0.77     0.027        22
     -14.2     -14.0     -0.32      1.18      0.78     0.022        25
     -14.0     -13.8      1.25      0.89      0.76     0.019        14
     -13.8     -13.6      1.74      1.03      0.77     0.024        16
     -13.6     -13.4      0.76      1.41      0.78     0.018        20
     -13.4     -13.2      0.97      1.14      0.78     0.030        31
     -13.2     -13.0      1.79      1.03      0.77     0.024        14
     -13.0     -12.8      2.18      1.08      0.78     0.019        16
     -12.8     -12.6      1.43      0.96      0.79     0.017        16
     -12.6     -12.4      1.40      0.70      0.80     0.022        31
     -12.4     -12.2      1.47      0.72      0.79     0.012        10
     -12.2     -12.0      1.70      0.93      0.79     0.018        12
     -12.0     -11.8      1.53      0.79      0.79     0.026        24
     -11.8     -11.6      1.44      0.50      0.81     0.022        31
     -11.6     -11.4      1.16      0.66      0.79     0.011        10
     -11.4     -11.2      1.21      0.58      0.79     0.024        16
     -11.2     -11.0      1.32      0.53      0.80     0.019        16
     -11.0     -10.8      1.47      0.45      0.81     0.025        34
     -10.8     -10.6      1.39      0.45      0.80     0.021        15
     -10.6     -10.4      1.48      0.53      0.79     0.027        18
     -10.4     -10.2      1.58      0.46      0.81     0.024        20
     -10.2     -10.0      1.93      0.45      0.82     0.017        26
     -10.0      -9.8      1.89      0.37      0.82     0.021        19
      -9.8      -9.6      1.88      0.45      0.80     0.024        16
      -9.6      -9.4      1.97      0.48      0.82     0.019        16
      -9.4      -9.2      2.49      0.52      0.82     0.026        26
      -9.2      -9.0      2.29      0.54      0.82     0.028        23
      -9.0      -8.8      2.01      0.59      0.81     0.025        22
      -8.8      -8.6      2.05      0.48      0.82     0.018        16
      -8.6      -8.4      2.40      0.66      0.83     0.026        26
      -8.4      -8.2      2.26      0.66      0.83     0.022        21
      -8.2      -8.0      1.45      0.67      0.81     0.025        22
      -8.0      -7.8      1.40      0.59      0.83     0.024        18
      -7.8      -7.6      1.55      0.66      0.84     0.026        26
      -7.6      -7.4      1.71      0.73      0.84     0.017        19
      -7.4      -7.2      0.51      0.77      0.82     0.025        22
      -7.2      -7.0      0.58      0.68      0.84     0.024        20
      -7.0      -6.8      0.47      0.70      0.84     0.030        30
      -6.8      -6.6      0.58      0.99      0.85     0.022        19
      -6.6      -6.4     -0.10      0.99      0.84     0.018        16
      -6.4      -6.2      0.11      0.79      0.85     0.018        18
      -6.2      -6.0     -0.00      0.84      0.85     0.029        36
      -6.0      -5.8     -0.16      1.21      0.84     0.028        17
      -5.8      -5.6     -0.21      1.26      0.84     0.024        16
      -5.6      -5.4      0.01      1.03      0.85     0.024        20
      -5.4      -5.2      0.10      0.77      0.86     0.024        37
      -5.2      -5.0     -0.17      1.19      0.84     0.025        14
      -5.0      -4.8      0.15      1.18      0.84     0.027        20
      -4.8      -4.6      0.22      0.95      0.86     0.023        22
      -4.6      -4.4      0.32      0.69      0.86     0.030        35
      -4.4      -4.2      0.17      0.72      0.86     0.011        12
      -4.2      -4.0      0.31      0.80      0.86     0.024        16
      -4.0      -3.8      0.26      0.71      0.86     0.026        24
      -3.8      -3.6      0.32      0.44      0.88     0.021        31
      -3.6      -3.4      0.13      0.54      0.85     0.024        16
      -3.4      -3.2      0.02      0.49      0.86     0.029        22
      -3.2      -3.0     -0.06      0.51      0.87     0.026        24
      -3.0      -2.8     -0.13      0.37      0.88     0.021        29
      -2.8      -2.6     -0.33      0.48      0.86     0.024        18
      -2.6      -2.4     -0.45      0.48      0.86     0.027        20
      -2.4      -2.2     -0.59      0.52      0.87     0.032        30
      -2.2      -2.0     -0.75      0.48      0.88     0.024        27
      -2.0      -1.8     -0.75      0.55      0.87     0.024        18
      -1.8      -1.6     -0.90      0.65      0.87     0.026        20
      -1.6      -1.4     -0.94      0.70      0.88     0.033        36
      -1.4      -1.2     -1.04      0.48      0.89     0.018        19
      -1.2      -1.0     -0.97      0.63      0.87     0.027        20
      -1.0      -0.8     -0.96      0.68      0.89     0.024        20
      -0.8      -0.6     -1.05      0.66      0.89     0.029        37
      -0.6      -0.4     -0.89      0.42      0.89     0.011        12
      -0.4      -0.2     -1.01      0.51      0.89     0.024        16
      -0.2       0.0     -1.07      0.57      0.89     0.031        28
       0.0       0.2     -1.06      0.52      0.89     0.032        33
       0.2       0.4     -1.14      0.41      0.88     0.023        20
       0.4       0.6     -1.21      0.42      0.90     0.019        16
       0.6       0.8     -1.27      0.44      0.90     0.029        28
       0.8       1.0     -1.32      0.43      0.90     0.033        31
       1.0       1.2     -1.55      0.41      0.89     0.024        18
       1.2       1.4     -1.68      0.42      0.90     0.026        24
       1.4       1.6     -1.66      0.43      0.91     0.029        39
       1.6       1.8     -1.82      0.35      0.90     0.017        12
       1.8       2.0     -1.87      0.39      0.91     0.016        14
       2.0       2.2     -2.17      0.37      0.90     0.030        28
       2.2       2.4     -1.99      0.41      0.92     0.021        31
       2.4       2.6     -2.30      0.38      0.89     0.023        18
       2.6       2.8     -2.27      0.37      0.91     0.024        20
       2.8       3.0     -2.39      0.35      0.91     0.031        30
       3.0       3.2     -2.30      0.46      0.92     0.024        27
       3.2       3.4     -2.39      0.42      0.90     0.031        20
       3.4       3.6     -2.40      0.41      0.90     0.030        26
       3.6       3.8     -2.27      0.43      0.93     0.024        37
       3.8       4.0     -2.37      0.59      0.90     0.025        14
       4.0       4.2     -2.20      0.55      0.90     0.027        20
       4.2       4.4     -1.97      0.50      0.92     0.025        26
       4.4       4.6     -1.86      0.54      0.92     0.031        35
       4.6       4.8     -1.81      0.69      0.91     0.023        20
       4.8       5.0     -1.39      0.62      0.91     0.031        22
       5.0       5.2     -1.03      0.59      0.93     0.022        28
       5.2       5.4     -1.02      0.54      0.92     0.029        27
       5.4       5.6     -0.69      0.64      0.91     0.030        24
       5.6       5.8     -0.06      0.59      0.93     0.024        22
       5.8       6.0      0.10      0.48      0.93     0.028        39
       6.0       6.2      0.24      0.57      0.91     0.027        18
       6.2       6.4      0.70      0.56      0.92     0.029        22
       6.4       6.6      1.15      0.63      0.92     0.040        34
       6.6       6.8      1.23      0.43      0.93     0.032        33
       6.8       7.0      1.60      0.47      0.92     0.026        20
       7.0       7.2      2.00      0.44      0.93     0.023        22
       7.2       7.4      2.30      0.40      0.94     0.029        39
       7.4       7.6      2.34      0.43      0.92     0.027        20
       7.6       7.8      2.62      0.31      0.93     0.023        20
       7.8       8.0      3.00      0.45      0.94     0.027        24
       8.0       8.2      2.89      0.23      0.94     0.031        37
       8.2       8.4      3.15      0.37      0.93     0.024        16
       8.4       8.6      3.14      0.35      0.93     0.033        30
       8.6       8.8      3.45      0.29      0.96     0.016        33
       8.8       9.0      3.23      0.34      0.92     0.026        18
       9.0       9.2      3.48      0.46      0.94     0.023        22
       9.2       9.4      3.72      0.41      0.95     0.018        20
       9.4       9.6      3.49      0.41      0.94     0.031        37
       9.6       9.8      3.50      0.42      0.93     0.023        16
       9.8      10.0      3.52      0.52      0.93     0.033        26
      10.0      10.2      3.71      0.39      0.96     0.024        39
      10.2      10.4      3.46      0.51      0.92     0.030        20
      10.4      10.6      3.59      0.43      0.94     0.029        24
      10.6      10.8      3.55      0.40      0.93     0.042        32
      10.8      11.0      3.58      0.32      0.95     0.034        37
      11.0      11.2      3.49      0.35      0.93     0.032        22
      11.2      11.4      3.65      0.35      0.95     0.023        22
      11.4      11.6      3.41      0.20      0.96     0.029        39
      11.6      11.8      3.58      0.33      0.94     0.019        16
      11.8      12.0      3.46      0.37      0.94     0.025        22
      12.0      12.2      3.15      0.40      0.96     0.022        26
      12.2      12.4      3.22      0.34      0.96     0.029        31
      12.4      12.6      3.16      0.35      0.94     0.026        22
      12.6      12.8      2.92      0.32      0.94     0.031        24
      12.8      13.0      2.65      0.51      0.97     0.020        37
      13.0      13.2      2.88      0.24      0.94     0.023        18
      13.2      13.4      2.49      0.29      0.94     0.034        26
      13.4      13.6      2.16      0.52      0.96     0.030        30
      13.6      13.8      2.15      0.41      0.95     0.035        35
      13.8      14.0      2.06      0.31      0.94     0.031        20
      14.0      14.2      1.74      0.50      0.94     0.036        28
      14.2      14.4      1.50      0.45      0.97     0.024        37
      14.4      14.6      1.55      0.28      0.94     0.026        20
      14.6      14.8      1.27      0.41      0.96     0.023        22
      14.8      15.0      1.00      0.46      0.96     0.030        34
      15.0      15.2      1.04      0.31      0.95     0.032        25
      15.2      15.4      0.97      0.27      0.95     0.025        24
      15.4      15.6      0.64      0.43      0.96     0.033        28
      15.6      15.8      0.57      0.34      0.97     0.024        31
      15.8      16.0      0.67      0.25      0.94     0.030        24
      16.0      16.2      0.42      0.35      0.95     0.031        24
      16.2      16.4      0.18      0.42      0.96     0.036        45
      16.4      16.6      0.38      0.29      0.94     0.031        18
      16.6      16.8      0.20      0.41      0.95     0.035        26
      16.8      17.0     -0.06      0.42      0.97     0.025        30
      17.0      17.2     -0.21      0.49      0.97     0.031        33
      17.2      17.4     -0.07      0.42      0.95     0.026        20
      17.4      17.6     -0.14      0.34      0.96     0.033        28
      17.6      17.8     -0.57      0.49      0.98     0.024        33
      17.8      18.0     -0.14      0.41      0.95     0.025        22
      18.0      18.2     -0.22      0.39      0.96     0.031        24
      18.2      18.4     -0.49      0.45      0.98     0.028        41
      18.4      18.6     -0.23      0.41      0.94     0.034        24
      18.6      18.8     -0.19      0.39      0.96     0.030        20
      18.8      19.0     -0.23      0.34      0.97     0.029        34
      19.0      19.2     -0.32      0.36      0.97     0.031        33
      19.2      19.4     -0.11      0.31      0.96     0.026        20
      19.4      19.6     -0.09      0.25      0.97     0.023        24
      19.6      19.8     -0.19      0.18      0.97     0.032        37
      19.8      20.0     -0.17      0.11      0.96     0.023        20
      20.0      20.2     -0.18      0.26      0.95     0.038        28
      20.2      20.4     -0.11      0.17      0.98     0.028        41
      20.4      20.6     -0.25      0.16      0.95     0.025        22
      20.6      20.8     -0.30      0.25      0.96     0.030        22
      20.8      21.0     -0.17      0.36      0.96     0.033        32
      21.0      21.2     -0.38      0.39      0.96     0.041        35
      21.2      21.4     -0.48      0.39      0.96     0.026        22
      21.4      21.6     -0.45      0.50      0.96     0.030        28
      21.6      21.8     -0.44      0.46      0.97     0.032        37
      21.8      22.0     -0.69      0.35      0.97     0.018        18
      22.0      22.2     -0.84      0.53      0.96     0.029        24
      22.2      22.4     -0.72      0.65      0.97     0.040        45
      22.4      22.6     -1.04      0.60      0.95     0.030        18
      22.6      22.8     -1.10      0.58      0.95     0.033        28
      22.8      23.0     -0.87      0.44      0.98     0.025        30
      23.0      23.2     -1.00      0.59      0.97     0.031        29
      23.2      23.4     -1.29      0.58      0.95     0.037        24
      23.4      23.6     -1.16      0.35      0.97     0.025        28
      23.6      23.8     -0.91      0.53      0.98     0.029        33
      23.8      24.0     -1.47      0.52      0.95     0.031        22
      24.0      24.2     -1.31      0.48      0.96     0.030        28
      24.2      24.4     -1.07      0.60      0.97     0.036        41
      24.4      24.6     -1.51      0.35      0.96     0.022        20
      24.6      24.8     -1.37      0.48      0.97     0.022        22
      24.8      25.0     -1.29      0.60      0.97     0.036        42
      25.0      25.2     -1.56      0.34      0.97     0.023        17
      25.2      25.4     -1.63      0.45      0.96     0.025        24
      25.4      25.6     -1.66      0.49      0.96     0.036        32
      25.6      25.8     -1.72      0.48      0.96     0.035        35
      25.8      26.0     -1.95      0.30      0.96     0.026        20
      26.0      26.2     -1.89      0.33      0.97     0.022        26
      26.2      26.4     -1.94      0.42      0.97     0.036        37
      26.4      26.6     -2.13      0.32      0.96     0.023        20
      26.6      26.8     -2.15      0.33      0.96     0.031        26
      26.8      27.0     -2.09      0.41      0.97     0.037        45
      27.0      27.2     -2.18      0.44      0.94     0.031        20
      27.2      27.4     -2.17      0.32      0.95     0.032        28
      27.4      27.6     -2.13      0.38      0.97     0.035        38
      27.6      27.8     -1.91      0.50      0.96     0.031        21
      27.8      28.0     -1.98      0.38      0.96     0.023        22
      28.0      28.2     -1.98      0.31      0.96     0.029        32
      28.2      28.4     -1.70      0.43      0.96     0.038        35
      28.4      28.6     -1.73      0.59      0.94     0.040        28
      28.6      28.8     -1.55      0.31      0.96     0.034        28
      28.8      29.0     -1.38      0.43      0.97     0.034        37
      29.0      29.2     -1.37      0.44      0.95     0.025        22
      29.2      29.4     -1.00      0.54      0.95     0.036        28
      29.4      29.6     -0.79      0.39      0.97     0.031        37
      29.6      29.8     -0.72      0.74      0.94     0.033        24
      29.8      30.0     -0.41      0.47      0.96     0.029        24
      30.0      30.2     -0.07      0.36      0.97     0.024        39
      30.2      30.4      0.01      0.62      0.95     0.024        18
      30.4      30.6      0.37      0.79      0.95     0.035        28
      30.6      30.8      0.54      0.49      0.96     0.029        32
      30.8      31.0      0.88      0.74      0.96     0.034        29
      31.0      31.2      1.15      0.96      0.94     0.034        26
      31.2      31.4      1.27      0.85      0.95     0.035        30
      31.4      31.6      1.53      0.59      0.97     0.027        29
      31.6      31.8      1.81      1.11      0.94     0.037        30
      31.8      32.0      1.99      1.05      0.95     0.037        24
      32.0      32.2      2.22      0.76      0.96     0.030        41
      32.2      32.4      2.40      1.04      0.94     0.033        22
      32.4      32.6      2.70      0.99      0.96     0.022        22
      32.6      32.8      2.93      0.90      0.96     0.036        41
      32.8      33.0      3.08      0.88      0.95     0.022        20
      33.0      33.2      3.27      0.94      0.95     0.026        22
      33.2      33.4      3.55      0.84      0.96     0.034        41
      33.4      33.6      3.71      1.03      0.93     0.038        22
      33.6      33.8      3.75      0.82      0.95     0.025        24
      33.8      34.0      4.08      0.77      0.96     0.022        28
      34.0      34.2      4.21      0.80      0.95     0.036        31
      34.2      34.4      4.27      0.74      0.95     0.022        22
      34.4      34.6      4.50      0.66      0.95     0.031        26
      34.6      34.8      4.70      0.75      0.95     0.030        37
      34.8      35.0      4.75      0.67      0.94     0.030        20
      35.0      35.2      5.13      0.75      0.95     0.025        26
      35.2      35.4      5.13      0.73      0.95     0.034        35
      35.4      35.6      5.37      0.70      0.93     0.025        22
      35.6      35.8      5.63      0.82      0.93     0.033        26
      35.8      36.0      5.94      0.70      0.96     0.022        37
      36.0      36.2      6.06      0.85      0.92     0.032        18
      36.2      36.4      6.28      0.73      0.92     0.037        30
      36.4      36.6      6.81      0.76      0.94     0.037        43
      36.6      36.8      7.13      0.83      0.93     0.026        20
      36.8      37.0      7.22      0.61      0.94     0.022        20
      37.0      37.2      7.78      0.57      0.95     0.025        28
      37.2      37.4      8.22      0.79      0.93     0.033        33
      37.4      37.6      8.36      0.64      0.93     0.030        20
      37.6      37.8      8.72      0.71      0.92     0.040        36
      37.8      38.0      9.34      0.72      0.94     0.028        29
      38.0      38.2      9.61      0.77      0.93     0.022        20
      38.2      38.4      9.94      0.78      0.91     0.044        36
      38.4      38.6     10.71      0.56      0.95     0.023        31
      38.6      38.8     10.88      0.81      0.92     0.032        20
      38.8      39.0     11.15      0.87      0.92     0.037        30
      39.0      39.2     12.24      0.52      0.94     0.021        33
      39.2      39.4     12.34      0.78      0.91     0.030        22
      39.4      39.6     12.82      0.68      0.93     0.022        22
      39.6      39.8     13.60      0.70      0.94     0.028        37
      39.8      40.0     13.74      0.65      0.90     0.035        24
      40.0      40.2     14.22      0.59      0.93     0.018        18
      40.2      40.4     14.71      0.73      0.93     0.028        34
      40.4      40.6     14.74      0.56      0.92     0.029        25
      40.6      40.8     15.28      0.65      0.92     0.022        20
      40.8      41.0     15.43      0.70      0.91     0.040        36
      41.0      41.2     15.31      0.46      0.93     0.023        25
      41.2      41.4     15.91      0.89      0.91     0.032        20
      41.4      41.6     16.06      0.46      0.91     0.031        32
      41.6      41.8     15.72      0.55      0.92     0.034        31
      41.8      42.0     16.31      1.15      0.90     0.030        22
      42.0      42.2     16.29      0.67      0.91     0.032        28
      42.2      42.4     15.97      0.51      0.92     0.024        31
      42.4      42.6     16.26      1.12      0.89     0.035        26
      42.6      42.8     16.12      1.03      0.90     0.038        26
      42.8      43.0     15.81      0.59      0.92     0.024        33
      43.0      43.2     15.89      1.00      0.88     0.036        24
      43.2      43.4     15.95      0.91      0.90     0.028        24
      43.4      43.6     15.62      0.81      0.90     0.040        41
      43.6      43.8     15.73      0.67      0.90     0.018        14
      43.8      44.0     15.67      0.94      0.89     0.031        26
      44.0      44.2     15.59      0.80      0.90     0.030        28
      44.2      44.4     15.48      0.78      0.90     0.033        27
      44.4      44.6     15.44      0.65      0.90     0.019        16
      44.6      44.8     15.25      0.77      0.89     0.032        30
      44.8      45.0     15.34      0.50      0.91     0.027        27
      45.0      45.2     15.20      0.71      0.88     0.029        24
      45.2      45.4     15.02      0.55      0.90     0.018        18
      45.4      45.6     15.18      0.54      0.90     0.028        33
      45.6      45.8     15.09      0.59      0.88     0.030        22
      45.8      46.0     14.79      0.81      0.88     0.032        26
      46.0      46.2     15.12      0.78      0.90     0.023        33
      46.2      46.4     14.73      0.97      0.87     0.030        20
      46.4      46.6     14.59      1.31      0.88     0.031        26
      46.6      46.8     14.35      1.21      0.90     0.024        33
      46.8      47.0     13.73      1.78      0.87     0.030        22
      47.0      47.2     13.35      1.85      0.88     0.030        18
      47.2      47.4     12.33      1.93      0.88     0.034        32
      47.4      47.6     11.56      2.03      0.87     0.041        27
      47.6      47.8     10.58      2.24      0.86     0.031        26
      47.8      48.0      9.39      1.66      0.88     0.029        24
      48.0      48.2      8.20      1.53      0.88     0.034        31
      48.2      48.4      7.09      1.51      0.86     0.025        20
      48.4      48.6      5.92      1.22      0.87     0.028        24
      48.6      48.8      4.78      0.78      0.88     0.023        31
      48.8      49.0      3.78      1.05      0.86     0.025        18
      49.0      49.2      2.90      0.91      0.86     0.034        22
      49.2      49.4      2.17      0.52      0.88     0.020        31
      49.4      49.6      1.48      0.75      0.85     0.024        18
      49.6      49.8      0.88      0.59      0.85     0.033        24
      49.8      50.0      0.40      0.43      0.87     0.024        30
      50.0      50.2     -0.02      0.51      0.85     0.034        21
      50.2      50.4     -0.40      0.44      0.85     0.030        22
      50.4      50.6     -0.65      0.35      0.85     0.034        28
      50.6      50.8     -0.90      0.40      0.85     0.034        29
      50.8      51.0     -1.18      0.35      0.84     0.029        22
      51.0      51.2     -1.10      0.19      0.86     0.022        22
      51.2      51.4     -1.17      0.25      0.86     0.024        27
      51.4      51.6     -1.49      0.36      0.83     0.030        20
      51.6      51.8     -1.26      0.19      0.85     0.018        16
      51.8      52.0     -1.13      0.22      0.85     0.028        35
      52.0      52.2     -1.26      0.31      0.83     0.026        16
      52.2      52.4     -1.07      0.28      0.83     0.029        20
      52.4      52.6     -0.85      0.28      0.84     0.034        32
      52.6      52.8     -0.81      0.26      0.84     0.027        21
      52.8      53.0     -0.69      0.31      0.82     0.032        24
      53.0      53.2     -0.50      0.22      0.84     0.030        20
      53.2      53.4     -0.37      0.17      0.84     0.023        27
      53.4      53.6     -0.30      0.23      0.83     0.021        18
      53.6      53.8     -0.22      0.26      0.82     0.036        22
      53.8      54.0     -0.11      0.21      0.83     0.033        35
      54.0      54.2     -0.05      0.19      0.82     0.023        14
      54.2      54.4     -0.01      0.19      0.81     0.030        22
      54.4      54.6      0.07      0.22      0.83     0.033        35
      54.6      54.8     -0.02      0.24      0.80     0.032        20
      54.8      55.0      0.07      0.12      0.82     0.022        18
      55.0      55.2      0.17      0.16      0.82     0.029        22
      55.2      55.4      0.15      0.16      0.82     0.023        23
      55.4      55.6      0.08      0.24      0.80     0.025        16
      55.6      55.8      0.07      0.19      0.80     0.034        26
      55.8      56.0      0.15      0.20      0.82     0.027        27
      56.0      56.2     -0.02      0.27      0.79     0.032        20
      56.2      56.4      0.12      0.12      0.81     0.017        16
      56.4      56.6      0.09      0.22      0.82     0.027        29
      56.6      56.8      0.09      0.08      0.80     0.018        14
      56.8      57.0      0.07      0.15      0.80     0.025        18
      57.0      57.2     -0.04      0.20      0.79     0.034        28
      57.2      57.4      0.03      0.21      0.80     0.028        21
      57.4      57.6     -0.10      0.26      0.77     0.032        20
      57.6      57.8     -0.09      0.18      0.80     0.017        18
      57.8      58.0     -0.18      0.24      0.79     0.035        27
      58.0      58.2     -0.25      0.29      0.76     0.036        20
      58.2      58.4     -0.31      0.28      0.77     0.033        20
      58.4      58.6     -0.44      0.25      0.78     0.034        34
      58.6      58.8     -0.36      0.27      0.78     0.027        15
      58.8      59.0     -0.58      0.27      0.77     0.028        20
      59.0      59.2     -0.69      0.29      0.80     0.010        14
      59.2      59.4     -0.61      0.25      0.78     0.035        25
      59.4      59.6     -0.76      0.15      0.78     0.016        12
      59.6      59.8     -0.86      0.21      0.77     0.023        18
      59.8      60.0     -0.74      0.25      0.78     0.028        31
      60.0      60.2     -0.98      0.16      0.76     0.024        12
      60.2      60.4     -0.87      0.21      0.75     0.029        18
      60.4      60.6     -0.71      0.24      0.77     0.022        20
      60.6      60.8     -0.82      0.27      0.75     0.040        29
      60.8      61.0     -0.77      0.30      0.75     0.030        16
      61.0      61.2     -0.69      0.28      0.76     0.022        18
      61.2      61.4     -0.57      0.27      0.77     0.021        23
      61.4      61.6     -0.61      0.30      0.73     0.029        20
      61.6      61.8     -0.50      0.29      0.74     0.030        16
      61.8      62.0     -0.49      0.26      0.76     0.017        20
      62.0      62.2     -0.25      0.26      0.75     0.030        17
      62.2      62.4     -0.30      0.24      0.73     0.024        18
      62.4      62.6     -0.22      0.32      0.73     0.037        20
      62.6      62.8     -0.02      0.35      0.76     0.016        23
      62.8      63.0     -0.02      0.32      0.74     0.017        10
      63.0      63.2      0.14      0.35      0.72     0.029        20
      63.2      63.4      0.21      0.33      0.74     0.022        18
      63.4      63.6      0.50      0.36      0.73     0.033        25
      63.6      63.8      0.60      0.37      0.73     0.018         8
      63.8      64.0      0.74      0.39      0.72     0.028        20
      64.0      64.2      0.90      0.29      0.73     0.029        27
      64.2      64.4      1.00      0.23      0.71     0.022        14
      64.4      64.6      1.18      0.34      0.71     0.032        14
      64.6      64.8      1.26      0.36      0.72     0.022        20
      64.8      65.0      1.26      0.46      0.71     0.042        25
      65.0      65.2      1.33      0.51      0.69     0.028        16
      65.2      65.4      1.32      0.39      0.72     0.016        12
      65.4      65.6      1.13      0.47      0.72     0.028        25
      65.6      65.8      1.21      0.62      0.69     0.029        16
      65.8      66.0      0.99      0.60      0.68     0.033        16
      66.0      66.2      0.80      0.37      0.71     0.023        14
      66.2      66.4      0.62      0.36      0.71     0.028        23
      66.4      66.6      0.54      0.29      0.70     0.016        12
      66.6      66.8      0.37      0.23      0.69     0.025        12
      66.8      67.0      0.18      0.20      0.69     0.025        20
      67.0      67.2      0.14      0.23      0.68     0.044        23
      67.2      67.4      0.11      0.31      0.64     0.074        20
      67.4      67.6      0.01      0.32      0.68     0.032        14
      67.6      67.8     -0.04      0.24      0.69     0.028        25
      67.8      68.0      0.04      0.30      0.68     0.011         8
      68.0      68.2      0.04      0.34      0.66     0.030        16
      68.2      68.4      0.17      0.35      0.68     0.016        12
      68.4      68.6      0.15      0.30      0.65     0.071        26
      68.6      68.8      0.19      0.29      0.65     0.031        12
      68.8      69.0      0.26      0.20      0.66     0.029        16
      69.0      69.2      0.42      0.31      0.62     0.074        16
      69.2      69.4      0.65      0.24      0.63     0.087        22
      69.4      69.6      0.45      0.26      0.64     0.042        14
      69.6      69.8      0.46      0.32      0.65     0.023        12
      69.8      70.0      0.47      0.30      0.64     0.038        18
      70.0      70.2      0.62      0.29      0.66     0.022        17
      70.2      70.4      0.57      0.34      0.65     0.016        10
      70.4      70.6      0.46      0.35      0.63     0.038        16
      70.6      70.8      0.40      0.32      0.65     0.022        18
      70.8      71.0      0.48      0.26      0.64     0.038        17
      71.0      71.2      0.49      0.28      0.64     0.017        10
      71.2      71.4      0.33      0.16      0.63     0.029        12
      71.4      71.6      0.25      0.20      0.65     0.015        14
      71.6      71.8      0.42      0.28      0.64     0.022        13
      71.8      72.0      0.38      0.21      0.59     0.059        14
      72.0      72.2      0.24      0.19      0.63     0.017        10
      72.2      72.4      0.23      0.18      0.63     0.023        16
      72.4      72.6      0.42      0.24      0.59     0.055        17
      72.6      72.8      0.32      0.23      0.61     0.024        10
      72.8      73.0      0.24      0.20      0.62     0.024        12
      73.0      73.2      0.55      0.23      0.55     0.063         7
      73.2      73.4      0.42      0.20      0.60     0.030        11
      73.4      73.6      0.48      0.29      0.57     0.062        10
      73.6      73.8      0.18      0.23      0.61     0.016        12
      73.8      74.0      0.18      0.27      0.61     0.035        14
      74.0      74.2      0.30      0.17      0.60     0.031        13
      74.2      74.4      0.31      0.21      0.55     0.059         8
      74.4      74.6      0.14      0.19      0.57     0.054        16
      74.6      74.8      0.01      0.25      0.59     0.036        11
      74.8      75.0      0.02      0.18      0.57     0.054        18
      75.0      75.2      0.16      0.26      0.57     0.033         7
      75.2      75.4      0.15      0.30      0.58     0.024        10
      75.4      75.6      0.10      0.31      0.57     0.031        14
      75.6      75.8     -0.10      0.29      0.60     0.015        15
      75.8      76.0      0.20      0.38      0.56     0.026         6
      76.0      76.2      0.20      0.40      0.57     0.018         8
      76.2      76.4      0.20      0.30      0.58     0.017        10
      76.4      76.6      0.04      0.37      0.58     0.023        15
      76.6      76.8      0.17      0.27      0.55     0.029         7
      76.8      77.0      0.26      0.27      0.57     0.010         6
      77.0      77.2      0.35      0.21      0.55     0.029         9
      77.2      77.4      0.31      0.34      0.54     0.055        11
      77.4      77.6      0.18      0.33      0.57     0.015        11
      77.6      77.8      0.60      0.32      0.51     0.044         8
      77.8      78.0      0.39      0.26      0.55     0.027         8
      78.0      78.2      0.43      0.38      0.52     0.054        10
      78.2      78.4      0.24      0.41      0.55     0.023        11
      78.4      78.6      0.45      0.29      0.54     0.010         6
      78.6      78.8      0.46      0.43      0.53     0.017         6
      78.8      79.0      0.31      0.45      0.54     0.017         8
      79.0      79.2      0.29      0.47      0.54     0.024        14
      79.2      79.4      0.25      0.42      0.55     0.010         5
      79.4      79.6      0.45      0.50      0.53     0.010         6
      79.6      79.8      0.04      0.20      0.48     0.041         6
      79.8      80.0      0.03      0.16      0.51     0.036         8
      80.0      80.2      0.17      0.19      0.52     0.038        13
      80.2      80.4      0.40      0.61      0.49     0.034         4
      80.4      80.6      0.47      0.56      0.50     0.038         7
      80.6      80.8      0.79      0.81      0.51     0.017         6
      80.8      81.0      0.50      0.52      0.52     0.010         6
      81.0      81.2      0.67      0.42      0.52     0.008         9
      81.2      81.4      1.09      0.82      0.50     0.011         4
      81.4      81.8      1.20      0.73      0.50     0.016        12
      81.8      82.0      1.08      0.27      0.49     0.031         8
      82.0      82.2      1.08      0.22      0.51     0.007         6
      82.2      82.4      1.59      0.46      0.46     0.031         6
      82.4      82.8      1.70      0.38      0.48     0.023         7
      82.8      83.0      1.85      0.11      0.50     0.000         4
      83.0      83.2      1.58      0.25      0.49     0.009         7
      83.2      83.4      1.89      0.21      0.47     0.010         4
      83.4      83.8      1.96      0.13      0.47     0.010         6
      83.8      84.0      2.03      0.17      0.48     0.010         6
      84.0      84.2      1.90      0.31      0.47     0.022         7
      84.2      84.8      1.95      0.11      0.45     0.015         7
      84.8      85.0      1.80      0.14      0.47     0.000         4
      85.0      85.2      1.78      0.22      0.46     0.010         7
      85.2      85.6      1.58      0.08      0.45     0.000         4
      85.6      86.0      1.44      0.10      0.43     0.017         4
      86.0      86.2      1.43      0.12      0.45     0.000         4
      86.2      86.6      1.48      0.22      0.44     0.010         5
      86.6      87.2      1.23      0.11      0.43     0.000         4
      87.2      87.4      1.21      0.04      0.43     0.000         4
      87.4      88.4      1.03      0.10      0.42     0.009         4
