# VLA smeared map of saturn, C band, 7.08 - 7.53 cm, 4. - 4.25 GHz
#    LATG1     LATG2        TB       sTB        MU       sMU         N
     -90.0     -61.0     -3.67      1.05      0.16     0.006         7
     -61.0     -55.0     -6.51      1.06      0.26     0.014        13
     -55.0     -51.0     -8.36      0.97      0.31     0.017         8
     -51.0     -50.0     -7.84      0.82      0.35     0.005         9
     -50.0     -47.0     -8.52      1.53      0.38     0.014         9
     -47.0     -46.0     -6.75      0.63      0.41     0.004         9
     -46.0     -44.0     -8.80      2.07      0.41     0.014         7
     -44.0     -43.0     -4.46      1.58      0.46     0.010        14
     -43.0     -41.0     -5.83      0.78      0.46     0.010         5
     -41.0     -40.0     -2.44      1.65      0.49     0.021        10
     -40.0     -39.0     -1.23      0.85      0.51     0.016         5
     -39.0     -37.0     -1.55      1.27      0.53     0.022        23
     -37.0     -35.0     -1.23      0.84      0.54     0.019        11
     -35.0     -34.0     -0.80      0.64      0.59     0.009        15
     -34.0     -32.0     -0.63      0.68      0.59     0.018        13
     -32.0     -31.0     -1.20      0.66      0.62     0.013        12
     -31.0     -30.0      0.34      0.24      0.61     0.012         8
     -30.0     -29.0     -1.49      1.03      0.65     0.018        18
     -29.0     -28.0     -0.74      1.80      0.61     0.024         5
     -28.0     -27.0     -0.33      0.87      0.67     0.012        12
     -27.0     -26.0     -1.93      1.71      0.68     0.027        12
     -26.0     -25.0      0.59      1.03      0.67     0.032        10
     -25.0     -24.0     -2.24      1.84      0.70     0.027        19
     -24.0     -23.0      0.75      0.44      0.69     0.012         4
     -23.0     -22.0     -1.09      1.90      0.74     0.011        19
     -22.0     -21.0     -1.09      1.66      0.70     0.023         6
     -21.0     -20.0     -2.05      2.91      0.75     0.033        18
     -20.0     -19.0     -0.83      1.39      0.76     0.020         9
     -19.0     -18.0     -2.32      1.82      0.76     0.030        17
     -18.0     -17.0     -0.23      1.39      0.78     0.028        15
     -17.0     -16.0     -2.79      1.31      0.79     0.012        11
     -16.0     -15.0     -0.77      1.17      0.80     0.027        16
     -15.0     -14.0     -2.28      1.34      0.79     0.035        13
     -14.0     -13.0     -1.91      1.59      0.81     0.042        19
     -13.0     -12.0     -3.10      1.19      0.82     0.011        10
     -12.0     -11.0     -5.46      1.69      0.83     0.042        20
     -11.0     -10.0     -4.42      2.29      0.83     0.025        12
     -10.0      -9.0     -8.09      2.92      0.86     0.024        17
      -9.0      -8.0     -8.64      1.39      0.84     0.033        14
      -8.0      -7.0     -9.00      2.57      0.87     0.027        20
      -7.0      -6.0     -8.52      0.78      0.86     0.033        14
      -6.0      -5.0     -6.72      1.97      0.88     0.041        20
      -5.0      -4.0     -4.47      1.70      0.86     0.052        16
      -4.0      -3.0     -2.32      1.47      0.89     0.033        21
      -3.0      -2.0      0.30      1.32      0.91     0.012        16
      -2.0      -1.0      2.72      1.45      0.90     0.032        16
      -1.0       0.0      5.60      2.39      0.92     0.028        26
       0.0       1.0      7.30      0.74      0.89     0.021        11
       1.0       2.0     11.30      3.33      0.92     0.043        27
       2.0       3.0     12.83      1.87      0.89     0.035         8
       3.0       4.0     16.46      3.12      0.94     0.035        26
       4.0       5.0     15.54      3.57      0.92     0.035        16
       5.0       6.0     17.62      2.63      0.94     0.035        25
       6.0       7.0     15.50      3.07      0.94     0.031        17
       7.0       8.0     14.85      1.83      0.95     0.042        19
       8.0       9.0     12.22      1.52      0.96     0.028        26
       9.0      10.0     12.16      1.79      0.92     0.033         8
      10.0      11.0     12.04      1.39      0.96     0.030        26
      11.0      12.0     11.48      2.91      0.95     0.013        12
      12.0      13.0     12.14      2.01      0.96     0.032        26
      13.0      14.0     12.33      1.93      0.95     0.031        18
      14.0      15.0      9.52      2.27      0.96     0.039        21
      15.0      16.0      8.82      2.33      0.97     0.034        30
      16.0      17.0      8.45      2.07      0.93     0.044        12
      17.0      18.0      7.33      1.43      0.97     0.032        27
      18.0      19.0      8.14      2.26      0.96     0.023        14
      19.0      20.0      7.82      1.32      0.96     0.043        26
      20.0      21.0      9.10      1.56      0.96     0.032        23
      21.0      22.0      7.69      1.32      0.95     0.041        16
      22.0      23.0      9.72      1.48      0.97     0.028        26
      23.0      24.0      9.87      1.41      0.96     0.019        13
      24.0      25.0     10.28      1.51      0.96     0.040        25
      25.0      26.0     11.90      2.43      0.96     0.038        21
      26.0      27.0     12.62      1.72      0.96     0.028        18
      27.0      28.0     16.60      2.44      0.96     0.029        26
      28.0      29.0     15.74      3.44      0.93     0.032        15
      29.0      30.0     19.32      2.98      0.95     0.047        24
      30.0      31.0     19.78      2.69      0.95     0.021        18
      31.0      32.0     20.38      2.28      0.93     0.040        20
      32.0      33.0     20.53      1.68      0.95     0.029        23
      33.0      34.0     19.28      4.13      0.93     0.011        12
      34.0      35.0     20.10      3.65      0.93     0.039        23
      35.0      36.0     21.00      4.37      0.93     0.029        22
      36.0      37.0     19.78      2.57      0.92     0.026        15
      37.0      38.0     20.87      3.23      0.92     0.032        27
      38.0      39.0     17.67      2.05      0.91     0.010        12
      39.0      40.0     16.71      2.54      0.91     0.031        23
      40.0      41.0     13.01      0.95      0.90     0.030        22
      41.0      42.0     11.56      2.11      0.88     0.040        14
      42.0      43.0     10.58      2.60      0.89     0.028        22
      43.0      44.0      8.39      1.17      0.88     0.010        12
      44.0      45.0     10.02      2.50      0.88     0.029        21
      45.0      46.0      7.55      1.89      0.88     0.009        16
      46.0      47.0      9.56      1.58      0.86     0.026        15
      47.0      48.0      6.43      1.88      0.85     0.042        23
      48.0      49.0      5.98      1.23      0.82     0.027        12
      49.0      50.0      6.57      1.38      0.83     0.031        21
      50.0      51.0      6.52      1.67      0.81     0.031        18
      51.0      52.0      7.46      1.89      0.83     0.025        12
      52.0      53.0      8.31      2.04      0.81     0.025        22
      53.0      54.0      7.50      1.50      0.76     0.035         8
      54.0      55.0      8.76      2.15      0.79     0.025        19
      55.0      56.0      9.16      1.82      0.75     0.030        12
      56.0      57.0      9.39      2.30      0.76     0.044        17
      57.0      58.0     11.21      1.95      0.76     0.007        10
      58.0      59.0     11.34      2.58      0.73     0.046        18
      59.0      60.0     13.34      2.15      0.73     0.023        14
      60.0      61.0     12.63      1.90      0.71     0.044        12
      61.0      62.0     13.23      1.60      0.72     0.022        17
      62.0      63.0     11.87      1.09      0.68     0.006         6
      63.0      64.0     11.69      2.39      0.69     0.026        17
      64.0      65.0     10.04      3.20      0.64     0.031         7
      65.0      66.0     10.35      3.11      0.67     0.022        15
      66.0      67.0      8.73      1.19      0.63     0.005         6
      67.0      68.0     10.26      2.50      0.65     0.005        13
      68.0      69.0      6.94      0.49      0.61     0.003         4
      69.0      70.0      8.34      2.33      0.61     0.027        17
      70.0      72.0      7.22      0.98      0.59     0.009        14
      72.0      73.0      7.39      1.70      0.57     0.028         7
      73.0      74.0      7.22      0.42      0.56     0.004         6
      74.0      75.0      6.48      1.03      0.55     0.025         9
      75.0      77.0      6.73      0.99      0.52     0.020        15
      77.0      79.0      7.65      1.64      0.49     0.006         9
      79.0      80.0      6.86      2.20      0.48     0.029         6
      80.0      82.0      5.33      0.98      0.42     0.045        10
      82.0      84.0      4.67      0.76      0.38     0.027         4
      84.0      86.0      3.55      0.33      0.41     0.001         5
